1537006084602,670970.4,509753.12,5.482375E-7,632898.4,90.0,0.0,0.0,0.0,0.0,0.0,0.0,0.0,0.0,0.0,0.0
1537006084734,651103.06,492263.12,200.52304,645790.94,90.0,0.0,0.0,0.0,0.0,0.0,0.0,0.0,0.0,0.0,0.0
1537006084740,650072.44,491355.75,228.85689,645101.75,90.0,0.0,0.0,0.0,0.0,0.0,0.0,0.0,0.0,0.0,0.0
1537006084760,647072.3,488714.38,199.86002,647113.94,90.0,0.0,0.0,0.0,0.0,0.0,0.0,0.0,0.0,0.0,0.0
1537006084762,647072.3,488714.38,0.0,0.0,90.0,0.0,0.0,0.0,0.0,0.0,0.0,0.0,0.0,0.0,0.0
1537006084765,645999.3,487769.75,476.52042,1429.5613,90.0,0.0,0.0,0.0,0.0,0.0,0.0,0.0,0.0,0.0,0.0
1537006084779,644011.2,486019.38,189.20421,1219.2976,90.0,0.0,0.0,0.0,0.0,0.0,0.0,0.0,0.0,0.0,0.0
1537006084796,641367.1,483691.5,207.2231,2303.495,90.0,0.0,0.0,0.0,0.0,0.0,0.0,0.0,0.0,0.0,0.0
1537006084813,639304.56,481875.5,161.65259,444.59888,90.0,0.0,0.0,0.0,0.0,0.0,0.0,0.0,0.0,0.0,0.0
1537006084849,634207.3,477387.88,188.64514,6346.626,90.0,0.0,0.0,0.0,0.0,0.0,0.0,0.0,0.0,0.0,0.0
1537006084853,633294.1,476583.75,304.1924,5129.8564,90.0,0.0,0.0,0.0,0.0,0.0,0.0,0.0,0.0,0.0,0.0
1537006084862,633294.1,476583.75,0.0,0.0,90.0,0.0,0.0,0.0,0.0,0.0,0.0,0.0,0.0,0.0,0.0
1537006084879,630023.8,473704.62,256.2999,4357.098,90.0,0.0,0.0,0.0,0.0,0.0,0.0,0.0,0.0,0.0,0.0
1537006084896,627907.94,471842.0,165.81871,1538.1802,90.0,0.0,0.0,0.0,0.0,0.0,0.0,0.0,0.0,0.0,0.0
1537006084913,626734.25,470808.75,91.98217,3101.877,90.0,0.0,0.0,0.0,0.0,0.0,0.0,0.0,0.0,0.0,0.0
1537006084929,623573.6,468026.0,263.1929,1109.2094,90.0,0.0,0.0,0.0,0.0,0.0,0.0,0.0,0.0,0.0,0.0
1537006084946,621337.9,466057.88,175.21211,1869.3967,90.0,0.0,0.0,0.0,0.0,0.0,0.0,0.0,0.0,0.0,0.0
1537006084962,620249.25,465099.38,90.65359,418.93948,90.0,0.0,0.0,0.0,0.0,0.0,0.0,0.0,0.0,0.0,0.0
1537006084979,619124.06,464108.88,88.17914,1917.9849,90.0,0.0,0.0,0.0,0.0,0.0,0.0,0.0,0.0,0.0,0.0
1537006084996,617951.94,463076.88,91.86459,356.2869,90.0,0.0,0.0,0.0,0.0,0.0,0.0,0.0,0.0,0.0,0.0
1537006085018,617951.94,463076.88,0.0,0.0,90.0,0.0,0.0,0.0,0.0,0.0,0.0,0.0,0.0,0.0,0.0
1537006085029,616851.56,462108.0,133.28476,1466.1323,90.0,0.0,0.0,0.0,0.0,0.0,0.0,0.0,0.0,0.0,0.0
1537006085048,616851.56,462108.0,0.0,0.0,90.0,0.0,0.0,0.0,0.0,0.0,0.0,0.0,0.0,0.0,0.0
1537006085063,614002.8,459600.0,253.03,3795.45,90.0,0.0,0.0,0.0,0.0,0.0,0.0,0.0,0.0,0.0,0.0
1537006085079,611866.2,457718.75,177.92497,948.6504,90.0,0.0,0.0,0.0,0.0,0.0,0.0,0.0,0.0,0.0,0.0
1537006085096,609761.06,455865.5,164.97968,3753.305,90.0,0.0,0.0,0.0,0.0,0.0,0.0,0.0,0.0,0.0,0.0
1537006085112,606541.5,453031.12,268.08978,536.13153,90.0,0.0,0.0,0.0,0.0,0.0,0.0,0.0,0.0,0.0,0.0
1537006085129,604973.06,451650.25,122.92305,1553.5603,90.0,0.0,0.0,0.0,0.0,0.0,0.0,0.0,0.0,0.0,0.0
1537006085146,599879.2,447165.5,399.22305,5233.2314,90.0,0.0,0.0,0.0,0.0,0.0,0.0,0.0,0.0,0.0,0.0
1537006085162,598869.94,446277.12,84.033936,3888.6887,90.0,0.0,0.0,0.0,0.0,0.0,0.0,0.0,0.0,0.0,0.0
1537006085179,595788.56,443564.12,241.50078,7994.202,90.0,0.0,0.0,0.0,0.0,0.0,0.0,0.0,0.0,0.0,0.0
1537006085196,593214.6,441298.12,201.72191,4564.9297,90.0,0.0,0.0,0.0,0.0,0.0,0.0,0.0,0.0,0.0,0.0
1537006085212,590472.1,438883.75,228.3647,8218.765,90.0,0.0,0.0,0.0,0.0,0.0,0.0,0.0,0.0,0.0,0.0
1537006085229,588557.2,437197.75,150.08167,5667.377,90.0,0.0,0.0,0.0,0.0,0.0,0.0,0.0,0.0,0.0,0.0
1537006085246,586228.25,435147.75,182.50894,8770.029,90.0,0.0,0.0,0.0,0.0,0.0,0.0,0.0,0.0,0.0,0.0
1537006085262,583467.56,432717.38,229.8787,5091.9697,90.0,0.0,0.0,0.0,0.0,0.0,0.0,0.0,0.0,0.0,0.0
1537006085279,581588.7,431063.5,147.24075,7595.0625,90.0,0.0,0.0,0.0,0.0,0.0,0.0,0.0,0.0,0.0,0.0
1537006085296,579633.8,429342.75,153.19568,4990.7363,90.0,0.0,0.0,0.0,0.0,0.0,0.0,0.0,0.0,0.0,0.0
1537006085313,577658.94,427604.0,154.77837,7621.9683,90.0,0.0,0.0,0.0,0.0,0.0,0.0,0.0,0.0,0.0,0.0
1537006085329,574678.7,424980.12,248.16994,3651.2493,90.0,0.0,0.0,0.0,0.0,0.0,0.0,0.0,0.0,0.0,0.0
1537006085346,572518.8,423078.62,169.27243,6528.8804,90.0,0.0,0.0,0.0,0.0,0.0,0.0,0.0,0.0,0.0,0.0
1537006085362,570505.3,421306.12,167.65779,3846.356,90.0,0.0,0.0,0.0,0.0,0.0,0.0,0.0,0.0,0.0,0.0
1537006085379,567382.7,418556.88,244.73108,8006.784,90.0,0.0,0.0,0.0,0.0,0.0,0.0,0.0,0.0,0.0,0.0
1537006085396,565334.0,416753.25,160.55896,5277.2817,90.0,0.0,0.0,0.0,0.0,0.0,0.0,0.0,0.0,0.0,0.0
1537006085412,563234.4,414904.88,174.83156,8074.587,90.0,0.0,0.0,0.0,0.0,0.0,0.0,0.0,0.0,0.0,0.0
1537006085429,560169.9,412207.0,240.16785,3991.7336,90.0,0.0,0.0,0.0,0.0,0.0,0.0,0.0,0.0,0.0,0.0
1537006085446,558276.9,410540.5,148.35512,6513.7705,90.0,0.0,0.0,0.0,0.0,0.0,0.0,0.0,0.0,0.0,0.0
1537006085462,556079.9,408606.38,182.9409,3586.716,90.0,0.0,0.0,0.0,0.0,0.0,0.0,0.0,0.0,0.0,0.0
1537006085479,554143.4,406901.38,151.7722,6166.8433,90.0,0.0,0.0,0.0,0.0,0.0,0.0,0.0,0.0,0.0,0.0
1537006085497,550920.0,404063.62,238.5849,1872.3154,90.0,0.0,0.0,0.0,0.0,0.0,0.0,0.0,0.0,0.0,0.0
1537006085513,548795.9,402193.38,176.8843,4702.464,90.0,0.0,0.0,0.0,0.0,0.0,0.0,0.0,0.0,0.0,0.0
1537006085529,545455.94,400264.25,241.06458,1193.8257,90.0,0.0,0.0,0.0,0.0,0.0,0.0,0.0,0.0,0.0,0.0
1537006085546,545051.9,399908.62,31.662996,1645.0466,90.0,0.0,0.0,0.0,0.0,0.0,0.0,0.0,0.0,0.0,0.0
1537006085563,544464.8,399391.88,46.0056,1017.64343,90.0,0.0,0.0,0.0,0.0,0.0,0.0,0.0,0.0,0.0,0.0
1537006085579,543902.1,398896.62,46.849567,1616.2731,90.0,0.0,0.0,0.0,0.0,0.0,0.0,0.0,0.0,0.0,0.0
1537006085596,543571.3,398605.38,25.926664,1244.5929,90.0,0.0,0.0,0.0,0.0,0.0,0.0,0.0,0.0,0.0,0.0
1537006085612,543240.2,398313.88,27.572065,1616.617,90.0,0.0,0.0,0.0,0.0,0.0,0.0,0.0,0.0,0.0,0.0
1537006085629,542786.4,397914.12,35.57466,1119.3306,90.0,0.0,0.0,0.0,0.0,0.0,0.0,0.0,0.0,0.0,0.0
1537006085646,542364.44,397542.75,33.064404,1578.9617,90.0,0.0,0.0,0.0,0.0,0.0,0.0,0.0,0.0,0.0,0.0
1537006085662,541996.9,397219.25,30.602953,1173.5823,90.0,0.0,0.0,0.0,0.0,0.0,0.0,0.0,0.0,0.0,0.0
1537006085679,541662.3,396924.75,26.21856,1540.609,90.0,0.0,0.0,0.0,0.0,0.0,0.0,0.0,0.0,0.0,0.0
1537006085696,541375.8,396672.5,22.454283,1223.0402,90.0,0.0,0.0,0.0,0.0,0.0,0.0,0.0,0.0,0.0,0.0
1537006085713,541179.5,396499.5,15.391948,1437.4282,90.0,0.0,0.0,0.0,0.0,0.0,0.0,0.0,0.0,0.0,0.0
1537006085729,540946.1,396294.0,19.434801,1184.8583,90.0,0.0,0.0,0.0,0.0,0.0,0.0,0.0,0.0,0.0,0.0
1537006085746,540805.1,396169.88,11.050061,1334.478,90.0,0.0,0.0,0.0,0.0,0.0,0.0,0.0,0.0,0.0,0.0
1537006085763,540613.56,396001.38,15.007316,1134.1147,90.0,0.0,0.0,0.0,0.0,0.0,0.0,0.0,0.0,0.0,0.0
1537006085779,540463.06,395869.0,12.527063,1289.8959,90.0,0.0,0.0,0.0,0.0,0.0,0.0,0.0,0.0,0.0,0.0
1537006085796,540379.44,395795.38,6.5539503,1201.6334,90.0,0.0,0.0,0.0,0.0,0.0,0.0,0.0,0.0,0.0,0.0
1537006085813,540311.2,395735.25,5.35038,1273.4315,90.0,0.0,0.0,0.0,0.0,0.0,0.0,0.0,0.0,0.0,0.0
1537006085829,540256.8,395687.38,4.5279756,1216.0485,90.0,0.0,0.0,0.0,0.0,0.0,0.0,0.0,0.0,0.0,0.0
1537006085846,540204.7,395641.5,4.084544,1271.0079,90.0,0.0,0.0,0.0,0.0,0.0,0.0,0.0,0.0,0.0,0.0
1537006085872,540193.8,395631.88,0.558562,1259.3707,90.0,0.0,0.0,0.0,0.0,0.0,0.0,0.0,0.0,0.0,0.0
1537006085888,540188.8,395646.25,0.95123404,1246.312,90.0,0.0,0.0,0.0,0.0,0.0,0.0,0.0,0.0,0.0,0.0
1537006085896,540184.7,395660.0,1.7944276,1258.9338,90.0,0.0,0.0,0.0,0.0,0.0,0.0,0.0,0.0,0.0,0.0
1537006085913,540179.0,395701.5,2.463995,1219.5029,90.0,0.0,0.0,0.0,0.0,0.0,0.0,0.0,0.0,0.0,0.0
1537006085929,540156.6,395734.25,2.4789765,1247.0941,90.0,0.0,0.0,0.0,0.0,0.0,0.0,0.0,0.0,0.0,0.0
1537006085946,539916.0,395896.38,17.067432,1164.5214,90.0,0.0,0.0,0.0,0.0,0.0,0.0,0.0,0.0,0.0,0.0
1537006085966,539720.1,396011.38,11.356938,1210.4578,90.0,0.0,0.0,0.0,0.0,0.0,0.0,0.0,0.0,0.0,0.0
1537006085980,539362.44,396210.88,29.25439,1168.0073,90.0,0.0,0.0,0.0,0.0,0.0,0.0,0.0,0.0,0.0,0.0
1537006085996,538944.25,396424.38,29.345932,1211.6196,90.0,0.0,0.0,0.0,0.0,0.0,0.0,0.0,0.0,0.0,0.0
1537006086013,538660.2,396556.75,18.434832,1173.0846,90.0,0.0,0.0,0.0,0.0,0.0,0.0,0.0,0.0,0.0,0.0
1537006086034,538079.4,396802.88,30.038551,1307.3468,90.0,0.0,0.0,0.0,0.0,0.0,0.0,0.0,0.0,0.0,0.0
1537006086046,537789.5,396918.0,25.991623,1209.0337,90.0,0.0,0.0,0.0,0.0,0.0,0.0,0.0,0.0,0.0,0.0
1537006086063,537522.94,397012.62,16.63879,1285.7126,90.0,0.0,0.0,0.0,0.0,0.0,0.0,0.0,0.0,0.0,0.0
1537006086079,537203.94,397111.38,20.870935,1215.3691,90.0,0.0,0.0,0.0,0.0,0.0,0.0,0.0,0.0,0.0,0.0
1537006086096,536753.25,397242.0,27.602097,1329.3741,90.0,0.0,0.0,0.0,0.0,0.0,0.0,0.0,0.0,0.0,0.0
1537006086112,536325.8,397412.5,28.761755,1171.4539,90.0,0.0,0.0,0.0,0.0,0.0,0.0,0.0,0.0,0.0,0.0
1537006086129,535926.75,397627.88,26.67485,1370.3052,90.0,0.0,0.0,0.0,0.0,0.0,0.0,0.0,0.0,0.0,0.0
1537006086146,535671.9,397786.38,17.655245,1206.9165,90.0,0.0,0.0,0.0,0.0,0.0,0.0,0.0,0.0,0.0,0.0
1537006086162,535307.7,398044.12,27.88562,1484.5591,90.0,0.0,0.0,0.0,0.0,0.0,0.0,0.0,0.0,0.0,0.0
1537006086179,535060.25,398238.62,18.513584,1266.2538,90.0,0.0,0.0,0.0,0.0,0.0,0.0,0.0,0.0,0.0,0.0
1537006086196,534716.6,398518.5,26.069387,1587.7449,90.0,0.0,0.0,0.0,0.0,0.0,0.0,0.0,0.0,0.0,0.0
1537006086213,534399.3,398794.62,24.743126,1270.65,90.0,0.0,0.0,0.0,0.0,0.0,0.0,0.0,0.0,0.0,0.0
1537006086229,533978.5,399174.62,35.43718,1714.2015,90.0,0.0,0.0,0.0,0.0,0.0,0.0,0.0,0.0,0.0,0.0
1537006086246,533450.3,399686.38,43.2611,1139.8673,90.0,0.0,0.0,0.0,0.0,0.0,0.0,0.0,0.0,0.0,0.0
1537006086263,533116.4,400031.0,28.22798,1507.3004,90.0,0.0,0.0,0.0,0.0,0.0,0.0,0.0,0.0,0.0,0.0
1537006086281,532711.0,400458.25,32.719887,1064.0271,90.0,0.0,0.0,0.0,0.0,0.0,0.0,0.0,0.0,0.0,0.0
1537006086296,532506.44,400675.62,19.899492,1274.8052,90.0,0.0,0.0,0.0,0.0,0.0,0.0,0.0,0.0,0.0,0.0
1537006086313,532190.56,401015.25,27.283096,965.064,90.0,0.0,0.0,0.0,0.0,0.0,0.0,0.0,0.0,0.0,0.0
1537006086329,531799.1,401442.25,36.2043,1368.0295,90.0,0.0,0.0,0.0,0.0,0.0,0.0,0.0,0.0,0.0,0.0
1537006086346,531381.44,401904.38,36.642025,938.40955,90.0,0.0,0.0,0.0,0.0,0.0,0.0,0.0,0.0,0.0,0.0
1537006086363,531179.8,402128.25,17.722647,1124.2048,90.0,0.0,0.0,0.0,0.0,0.0,0.0,0.0,0.0,0.0,0.0
1537006086379,530875.1,402467.88,28.51669,867.6304,90.0,0.0,0.0,0.0,0.0,0.0,0.0,0.0,0.0,0.0,0.0
1537006086396,530572.44,402806.62,26.722416,1123.4586,90.0,0.0,0.0,0.0,0.0,0.0,0.0,0.0,0.0,0.0,0.0
1537006086413,530273.7,403141.88,26.41459,869.0991,90.0,0.0,0.0,0.0,0.0,0.0,0.0,0.0,0.0,0.0,0.0
1537006086429,529863.4,403603.88,38.618748,1248.4901,90.0,0.0,0.0,0.0,0.0,0.0,0.0,0.0,0.0,0.0,0.0
1537006086446,529575.56,403928.38,25.514517,956.26135,90.0,0.0,0.0,0.0,0.0,0.0,0.0,0.0,0.0,0.0,0.0
1537006086462,529262.8,404281.38,29.475994,1277.9847,90.0,0.0,0.0,0.0,0.0,0.0,0.0,0.0,0.0,0.0,0.0
1537006086479,529063.0,404507.25,17.73942,1059.2268,90.0,0.0,0.0,0.0,0.0,0.0,0.0,0.0,0.0,0.0,0.0
1537006086496,528672.6,404948.75,34.66672,1513.5818,90.0,0.0,0.0,0.0,0.0,0.0,0.0,0.0,0.0,0.0,0.0
1537006086512,528479.7,405167.12,18.212345,1275.1211,90.0,0.0,0.0,0.0,0.0,0.0,3.079207E-5,0.0,0.0,0.0,0.0
1537006086529,528157.8,405531.62,28.604435,1682.4452,90.0,0.0,0.0,0.0,0.0,0.0,3.040822E-5,0.0,0.0,0.0,0.0
1537006086546,527854.25,405875.62,26.987514,1296.5992,90.0,0.0,0.0,0.0,0.0,0.0,3.0052455E-5,0.0,0.0,0.0,0.0
1537006086563,527563.3,406205.25,25.862108,1665.5945,90.0,0.0,0.0,0.0,0.0,0.0,2.971832E-5,0.0,0.0,0.0,0.0
1537006086579,527270.94,406536.38,27.608232,1295.014,90.0,0.0,0.0,0.0,0.0,0.0,2.9389017E-5,0.0,0.0,0.0,0.0
1537006086596,527071.25,406762.88,17.76211,1544.4088,90.0,0.0,0.0,0.0,0.0,0.0,5.0146915E-5,0.0,0.0,0.0,0.0
1537006086612,526786.6,407083.12,26.778275,1198.8916,90.0,0.0,0.0,0.0,0.0,0.0,4.980129E-5,0.0,0.0,0.0,0.0
1537006086629,526469.3,407424.38,27.410679,1571.2117,90.0,0.0,0.0,0.0,0.0,0.0,4.9438822E-5,0.0,0.0,0.0,0.0
1537006086837,522129.38,411095.25,27.327991,4557.678,90.0,0.0,0.0,0.0,0.0,0.0,9.862037E-5,0.0,0.0,0.0,0.0
1537006086844,522011.25,411184.88,21.18247,4411.4224,90.0,0.0,0.0,0.0,0.0,0.0,9.853038E-5,0.0,0.0,0.0,0.0
1537006086862,521638.56,411466.75,25.959934,4872.8535,90.0,0.0,0.0,0.0,0.0,0.0,9.824936E-5,0.0,0.0,0.0,0.0
1537006086879,521256.66,411754.12,28.11474,4400.705,90.0,0.0,0.0,0.0,0.0,0.0,9.796633E-5,0.0,0.0,0.0,0.0
1537006086908,520551.3,412283.25,30.405172,5272.7427,90.0,0.0,0.0,0.0,0.0,0.0,9.7454256E-5,0.0,0.0,0.0,0.0
1537006086924,520209.53,412539.5,26.698439,4849.8174,90.0,0.0,0.0,0.0,0.0,0.0,9.721049E-5,0.0,0.0,0.0,0.0
1537006086941,519939.5,412742.12,19.858824,5183.9824,90.0,0.0,0.0,0.0,0.0,0.0,9.7019576E-5,0.0,0.0,0.0,0.0
1537006086946,519939.5,412742.12,0.0,0.0,90.0,0.0,0.0,0.0,0.0,0.0,9.7019576E-5,0.0,0.0,0.0,0.0
1537006086962,519683.72,412934.0,19.984375,319.75,90.0,0.0,0.0,0.0,0.0,0.0,9.683889E-5,0.0,0.0,0.0,0.0
1537006086979,519461.56,413100.75,16.339706,41.975067,90.0,0.0,0.0,0.0,0.0,0.0,9.668425E-5,0.0,0.0,0.0,0.0
1537006086996,519255.16,413255.75,15.1838255,300.1,90.0,0.0,0.0,0.0,0.0,0.0,9.6541466E-5,0.0,0.0,0.0,0.0
1537006087012,519072.5,413392.88,14.275002,71.700005,90.0,0.0,0.0,0.0,0.0,0.0,9.6414864E-5,0.0,0.0,0.0,0.0
1537006087029,518907.1,413517.12,12.169121,278.57504,90.0,0.0,0.0,0.0,0.0,0.0,9.630175E-5,0.0,0.0,0.0,0.0
1537006087048,518752.72,413632.38,10.139499,85.9268,90.0,0.0,0.0,0.0,0.0,0.0,9.619732E-5,0.0,0.0,0.0,0.0
1537006087062,518585.2,413755.88,14.866578,294.05228,90.0,0.0,0.0,0.0,0.0,0.0,9.60859E-5,0.0,0.0,0.0,0.0
1537006087079,518307.16,413953.25,20.056864,47.438374,90.0,0.0,0.0,0.0,0.0,0.0,9.590718E-5,0.0,0.0,0.0,0.0
1537006087096,518046.5,414132.0,18.591702,269.03406,90.0,0.0,0.0,0.0,0.0,0.0,9.574742E-5,0.0,0.0,0.0,0.0
1537006087112,517823.34,414281.88,16.800905,8.3727255,90.0,0.0,0.0,0.0,0.0,0.0,9.5614094E-5,0.0,0.0,0.0,0.0
1537006087129,517325.66,414609.88,35.061825,596.1262,90.0,0.0,0.0,0.0,0.0,0.0,9.5323485E-5,0.0,0.0,0.0,0.0
1537006087146,516927.75,414869.12,27.93591,121.65,90.0,0.0,0.0,0.0,0.0,0.0,9.509677E-5,0.0,0.0,0.0,0.0
1537006087163,516514.2,415137.0,28.984602,613.92566,90.0,0.0,0.0,0.0,0.0,0.0,9.486462E-5,0.0,0.0,0.0,0.0
1537006087179,516101.12,415403.62,30.727476,122.8214,90.0,0.0,0.0,0.0,0.0,0.0,9.463568E-5,0.0,0.0,0.0,0.0
1537006087196,515532.06,415785.12,40.30053,807.53625,90.0,0.0,0.0,0.0,0.0,0.0,9.4313546E-5,0.0,0.0,0.0,0.0
1537006087212,515281.78,415974.38,19.611088,494.2468,90.0,0.0,0.0,0.0,0.0,0.0,9.415786E-5,0.0,0.0,0.0,0.0
1537006087229,515022.88,416204.5,20.376215,838.3372,90.0,0.0,0.0,0.0,0.0,0.0,9.397377E-5,0.0,0.0,0.0,0.0
1537006087246,514721.84,416553.38,27.105688,401.6094,90.0,0.0,0.0,0.0,0.0,0.0,1.0468726E-4,0.0,0.0,0.0,0.0
1537006087263,514441.44,417097.75,36.02055,953.3802,90.0,0.0,0.0,0.0,0.0,0.0,1.04350394E-4,0.0,0.0,0.0,0.0
1537006087279,514361.28,417545.75,28.444645,623.547,90.0,0.0,0.0,0.0,0.0,0.0,1.04077546E-4,0.0,0.0,0.0,0.0
1537006087296,514483.2,418098.0,33.267357,917.453,90.0,0.0,0.0,0.0,0.0,0.0,1.0374289E-4,0.0,0.0,0.0,0.0
1537006087313,514748.72,418435.0,25.237684,852.3666,90.0,0.0,0.0,0.0,0.0,0.0,1.0353399E-4,0.0,0.0,0.0,0.0
1537006087329,515271.4,418734.38,37.646984,785.7077,90.0,0.0,0.0,0.0,0.0,0.0,1.1503263E-4,0.0,0.0,0.0,0.0
1537006087346,515694.34,418884.25,26.394573,868.4002,90.0,0.0,0.0,0.0,0.0,0.0,1.148862E-4,0.0,0.0,0.0,0.0
1537006087363,515981.5,418952.5,17.36209,755.4315,90.0,0.0,0.0,0.0,0.0,0.0,1.14801594E-4,0.0,0.0,0.0,0.0
1537006087379,516424.06,419033.25,28.116814,977.1089,90.0,0.0,0.0,0.0,0.0,0.0,1.1468044E-4,0.0,0.0,0.0,0.0
1537006087396,516862.97,419113.0,26.240751,756.1345,90.0,0.0,0.0,0.0,0.0,0.0,1.145579E-4,0.0,0.0,0.0,0.0
1537006087412,517133.12,419174.5,17.316748,863.08264,90.0,0.0,0.0,0.0,0.0,0.0,1.1447518E-4,0.0,0.0,0.0,0.0
1537006087429,517677.22,419380.75,34.22787,825.73773,90.0,0.0,0.0,0.0,0.0,0.0,1.142653E-4,0.0,0.0,0.0,0.0
1537006087446,518029.88,419621.5,25.117508,713.6034,90.0,0.0,0.0,0.0,0.0,0.0,1.1407546E-4,0.0,0.0,0.0,0.0
1537006087462,518306.28,419949.25,26.79643,920.6188,90.0,0.0,0.0,0.0,0.0,0.0,1.1386021E-4,0.0,0.0,0.0,0.0
1537006087479,518500.7,420438.38,30.961357,535.1225,90.0,0.0,0.0,0.0,0.0,0.0,1.13590635E-4,0.0,0.0,0.0,0.0
1537006087496,518534.06,420835.0,23.413338,870.13196,90.0,0.0,0.0,0.0,2.1244381E-5,0.0,1.13405375E-4,0.0,0.0,0.0,0.0
1537006087513,518395.9,421346.38,31.159348,345.12167,90.0,0.0,0.0,0.0,2.0986248E-5,0.0,1.1321682E-4,0.0,0.0,0.0,0.0
1537006087529,518132.62,421669.5,26.05034,757.86017,90.0,0.0,0.0,0.0,2.0813584E-5,0.0,1.1314432E-4,0.0,0.0,0.0,0.0
1537006087546,517783.6,421877.75,23.908047,427.79706,90.0,0.0,0.0,0.0,3.3703778E-5,0.0,1.1314174E-4,0.0,0.0,0.0,0.0
1537006087563,517420.7,421969.88,22.02452,673.3766,90.0,0.0,0.0,0.0,5.6226658E-5,0.0,1.13189104E-4,0.0,0.0,0.0,0.0
1537006087579,517089.38,421984.0,20.725842,510.33435,90.0,0.0,0.0,0.0,5.6095465E-5,0.0,1.13258844E-4,0.0,0.0,0.0,0.0
1537006087596,516773.1,421936.12,18.816713,617.02057,90.0,0.0,0.0,0.0,5.5991324E-5,0.0,1.1334793E-4,0.0,0.0,0.0,0.0
1537006087613,516596.44,421885.62,10.807802,558.21875,90.0,0.0,0.0,0.0,5.589964E-5,0.0,1.13406255E-4,0.0,0.0,0.0,0.0
1537006087629,516329.53,421786.88,11.48329,650.73376,90.0,0.0,0.0,0.0,5.585137E-5,0.0,1.135022E-4,0.0,0.0,0.0,0.0
1537006087646,516093.38,421691.88,14.973422,569.0201,90.0,0.0,0.0,0.0,7.202922E-5,0.0,1.13589274E-4,0.0,0.0,0.0,0.0
1537006087663,515852.72,421608.0,14.991399,661.18915,90.0,0.0,0.0,0.0,7.1981456E-5,0.0,1.1367231E-4,0.0,0.0,0.0,0.0
1537006087679,515681.97,421567.62,10.96616,570.5739,90.0,0.0,0.0,0.0,7.184962E-5,0.0,1.1372341E-4,3.3302445E-4,0.0,0.0,0.0
1537006087696,515436.56,421547.38,14.484724,732.62463,90.0,0.0,0.0,0.0,7.165274E-5,0.0,1.137817E-4,5.7262415E-4,0.0,0.0,0.0
1537006087713,515167.9,421571.62,15.867558,521.12506,90.0,0.0,0.0,0.0,7.145592E-5,0.0,1.13827125E-4,5.86855E-4,0.0,0.0,0.0
1537006087729,514952.88,421651.38,14.333977,726.4352,90.0,0.0,0.0,0.0,7.1179864E-5,0.0,1.1384052E-4,0.0032732876,0.0,0.0,0.0
1537006087746,514815.34,421732.88,9.403874,570.87976,90.0,0.0,0.0,0.0,7.0868104E-5,0.0,1.1383788E-4,0.003708752,0.0,0.0,0.0
1537006087763,514690.72,421858.5,10.409111,747.8296,90.0,0.0,0.0,0.0,7.061691E-5,0.0,1.1381695E-4,0.0039002933,0.0,0.0,0.0
1537006087779,514674.97,421873.0,1.3380146,726.45105,90.0,0.0,0.0,0.0,7.050645E-5,0.0,1.1381486E-4,0.004182346,0.0,0.0,0.0
1537006087796,514635.94,421914.12,3.3351977,783.1443,90.0,0.0,0.0,0.0,7.040994E-5,0.0,1.1380784E-4,0.0047706105,0.0,0.0,0.0
1537006087813,514629.06,421973.88,3.5378957,736.464,90.0,0.0,0.0,0.0,7.031431E-5,0.0,1.1378777E-4,0.005178613,0.0,0.0,0.0
1537006087829,514638.7,422090.75,7.329416,814.1942,90.0,0.0,0.0,0.0,7.018914E-5,0.0,1.13744216E-4,0.005381946,0.0,0.0,0.0
1537006087846,514674.47,422252.25,9.73037,727.0104,90.0,0.0,0.0,0.0,5.714943E-5,0.0,1.136802E-4,0.005693521,0.0,0.0,0.0
1537006087863,514825.47,422602.75,22.449577,907.43726,90.0,0.0,0.0,0.0,6.9571885E-5,0.0,1.13528564E-4,0.0065047788,0.0,0.0,0.0
1537006087879,514887.6,422785.38,12.056412,785.7355,90.0,0.0,0.0,0.0,6.940744E-5,0.0,1.1345426E-4,0.0071492107,0.0,0.0,0.0
1537006087896,515007.75,423152.25,22.70884,1053.5892,90.0,0.0,0.0,0.0,6.910922E-5,0.0,1.1330873E-4,0.009798498,0.0,0.0,0.0
1537006087913,515026.0,423277.12,7.4236197,944.14,90.0,0.0,0.0,0.0,6.908006E-5,0.0,1.1326499E-4,0.010815333,0.0,0.0,0.0
1537006087932,514942.5,423326.75,5.1122823,1024.4266,90.0,0.0,0.0,0.0,6.912283E-5,0.0,1.1326773E-4,0.011750736,0.0,0.0,0.0
1537006087959,514627.06,423397.25,11.971106,857.6308,90.0,0.0,0.0,0.0,4.8542133E-5,0.0,1.1331481E-4,0.014944614,0.0,0.0,0.0
1537006087963,514579.44,423427.0,14.038347,895.8902,90.0,0.0,0.0,0.0,6.890673E-5,0.0,1.13316055E-4,0.015898155,0.0,0.0,0.0
1537006087979,514535.3,423512.62,6.0203614,803.2231,90.0,0.0,0.0,0.0,6.882275E-5,0.0,1.1329963E-4,0.01875089,0.0,0.0,0.0
1537006088068,514423.7,423878.5,4.298023,1184.102,90.0,0.0,0.0,0.0,8.031755E-5,0.0,1.1321614E-4,0.08318446,0.0,0.0,0.0
1537006088072,514423.7,423878.5,0.0,0.0,90.0,0.0,0.0,0.0,8.031755E-5,0.0,1.1321614E-4,0.08318446,0.0,0.0,0.0
1537006088079,514416.94,423879.12,0.9684105,6.7788734,90.0,0.0,0.0,0.0,8.03981E-5,0.0,1.1321746E-4,0.056627735,0.0,0.0,0.0
1537006088096,514422.94,423874.88,0.432513,13.650206,90.0,0.0,0.0,0.0,9.178533E-5,0.0,1.1321736E-4,0.05061258,0.0,0.0,0.0
1537006088117,514455.3,423833.5,2.5017142,41.44141,90.0,0.0,0.0,0.0,9.1814E-5,0.0,1.13222166E-4,0.10490481,0.0,0.0,0.0
1537006088129,514455.3,423833.5,0.0,0.0,90.0,0.0,0.0,0.0,1.0211942E-4,0.0,1.13222166E-4,0.037166096,0.0,0.0,0.0
1537006088146,514445.06,423853.12,1.3023843,22.140532,90.0,0.0,0.0,0.0,1.0186482E-4,0.0,1.1321874E-4,0.008624905,0.0,0.0,0.0
1537006088162,514431.56,423878.25,1.7826372,6.3884664,90.0,0.0,0.0,0.0,1.01701226E-4,0.0,1.13214475E-4,0.00877039,0.0,0.0,0.0
1537006088179,514433.44,423875.88,0.17799586,9.39581,90.0,0.0,0.0,0.0,1.01499725E-4,0.0,1.13214744E-4,0.008616156,0.0,0.0,0.0
1537006088196,514459.94,423863.0,1.733065,21.952007,90.0,0.0,0.0,0.0,1.0134998E-4,0.0,1.1321259E-4,0.008533511,0.0,0.0,0.0
1537006088212,514465.8,423866.25,0.41962653,17.55883,90.0,0.0,0.0,0.0,1.0112286E-4,0.0,1.13210364E-4,0.008548969,0.0,0.0,0.0
1537006088229,514465.8,423866.25,0.0,0.0,90.0,0.0,0.0,0.0,1.13430346E-4,0.0,1.13210364E-4,0.008548969,0.0,0.0,0.0
1537006088246,514465.8,423866.25,0.0,0.0,90.0,0.0,0.0,0.0,1.13301976E-4,0.0,1.13210364E-4,0.008548969,0.0,0.0,0.0
1537006088262,514465.3,423868.0,0.11375172,1.8200275,90.0,0.0,0.0,0.0,9.351417E-5,0.0,1.1320996E-4,0.0085591525,0.0,0.0,0.0
1537006088279,514492.8,423935.0,4.260241,71.00396,90.0,0.0,0.0,0.0,1.1300027E-4,0.0,1.13184564E-4,0.008964288,0.0,0.0,0.0
1537006088295,514567.56,423938.75,4.67775,77.25162,90.0,0.0,0.0,0.0,1.1293307E-4,0.0,1.1316682E-4,0.008905599,0.0,0.0,0.0
1537006088312,514601.94,423936.88,2.0250645,60.89566,90.0,0.0,0.0,0.0,1.1287763E-4,0.0,1.1315969E-4,0.008834144,0.0,0.0,0.0
1537006088329,514624.2,424022.88,5.2253914,43.526215,90.0,0.0,0.0,0.0,1.1271679E-4,0.0,1.1313002E-4,0.009433099,0.0,0.0,0.0
1537006088346,514650.72,424033.5,1.6811574,17.707945,90.0,0.0,0.0,0.0,1.1259859E-4,0.0,1.1312103E-4,0.0094409315,0.0,0.0,0.0
1537006088362,514678.97,424043.62,1.8756021,44.613716,90.0,0.0,0.0,0.0,1.2088592E-4,0.0,1.1311178E-4,0.0094242785,0.0,0.0,0.0
1537006088379,514656.72,424039.88,1.3272823,65.6572,90.0,0.0,0.0,0.0,1.2090177E-4,0.0,1.1311786E-4,0.009474837,0.0,0.0,0.0
1537006088396,514690.72,424091.5,3.6361985,123.18752,90.0,0.0,0.0,0.0,1.2089669E-4,0.0,1.1309549E-4,0.009799093,0.0,0.0,0.0
1537006088412,514703.97,424205.5,7.172964,85.83701,90.0,0.0,0.0,0.0,1.20855846E-4,0.0,1.1306035E-4,0.010994738,0.0,0.0,0.0
1537006088429,514625.56,424378.88,11.192934,140.62813,90.0,0.0,0.0,0.0,1.20750876E-4,0.0,1.1303028E-4,0.016987652,0.0,0.0,0.0
1537006088446,514585.3,424491.62,7.0422907,49.733547,90.0,0.0,0.0,0.0,1.097268E-4,0.0,1.13008944E-4,0.0151687,0.0,0.0,0.0
1537006088462,514474.8,424573.62,8.600111,129.9105,90.0,0.0,0.0,0.0,1.3015624E-4,0.0,1.1301246E-4,0.025031654,0.0,0.0,0.0
1537006088479,514425.94,424568.0,2.8939779,117.29425,90.0,0.0,0.0,0.0,1.3015614E-4,0.0,1.13025155E-4,0.019533247,0.0,0.0,0.0
1537006088496,514444.2,424540.38,1.9475858,87.90222,90.0,0.0,0.0,0.0,1.3713124E-4,0.0,1.130283E-4,0.005926738,0.0,0.0,0.0
1537006088512,514446.44,424537.0,0.25351533,91.357834,90.0,0.0,0.0,0.0,1.3719805E-4,0.0,1.1302867E-4,0.0059218016,0.0,0.0,0.0
1537006088529,514439.3,424525.62,0.7895429,80.70754,90.0,0.0,0.0,0.0,1.288061E-4,0.0,1.13033326E-4,0.0059198407,0.0,0.0,0.0
1537006088546,514374.4,424521.12,3.82718,99.823326,90.0,0.0,0.0,0.0,1.4289781E-4,0.0,1.1304936E-4,0.005981205,0.0,0.0,0.0
1537006088562,514252.03,424531.0,7.673299,116.82626,90.0,0.0,0.0,0.0,1.4287974E-4,0.0,1.1307461E-4,0.006115139,0.0,0.0,0.0
1537006088579,514121.25,424500.88,7.89447,138.86037,90.0,0.0,0.0,0.0,1.5115416E-4,0.0,1.1311218E-4,0.0062248507,0.0,0.0,0.0
1537006088599,514092.12,424427.5,3.9472003,60.54247,90.0,0.0,0.0,0.0,1.5117842E-4,0.0,1.1313812E-4,0.00618558,0.0,0.0,0.0
1537006088614,514092.12,424427.5,5.2629337,0.0,90.0,0.0,0.0,0.0,1.5117193E-4,0.0,1.1313812E-4,0.00618558,0.0,0.0,0.0
1537006088629,514092.12,424427.5,0.0,0.0,90.0,0.0,0.0,0.0,1.5116746E-4,0.0,1.1313812E-4,0.00618558,0.0,0.0,0.0
1537006088646,514094.0,424382.12,2.6713955,45.413723,90.0,0.0,0.0,0.0,1.6173773E-4,0.0,1.1314978E-4,0.0061408635,0.0,0.0,0.0
1537006088662,514094.0,424382.12,0.0,0.0,90.0,0.0,0.0,0.0,1.6172146E-4,0.0,1.1314978E-4,0.0061408635,0.0,0.0,0.0
1537006088679,514094.0,424382.12,0.0,0.0,90.0,0.0,0.0,0.0,1.6170926E-4,0.0,1.1314978E-4,0.0061408635,0.0,0.0,0.0
1537006088696,514180.16,424339.25,5.660879,96.23495,90.0,0.0,0.0,0.0,1.8291365E-4,0.0,1.13141956E-4,0.006016984,0.0,0.0,0.0
1537006088712,514243.78,424224.25,8.214208,75.56238,90.0,0.0,0.0,0.0,1.8285765E-4,0.0,1.1315895E-4,0.005858186,0.0,0.0,0.0
1537006088729,514235.9,424159.62,3.8295908,16.463768,90.0,0.0,0.0,0.0,1.828014E-4,0.0,1.13178496E-4,0.0058111358,0.0,0.0,0.0
1537006088746,514265.53,424079.62,5.018182,88.77113,90.0,0.0,0.0,0.0,1.8069716E-4,0.0,1.1319414E-4,0.0057200687,0.0,0.0,0.0
1537006088762,514312.03,423987.5,6.449705,31.868643,90.0,0.0,0.0,0.0,2.0449562E-4,0.0,1.13209724E-4,0.005608959,0.0,0.0,0.0
1537006088779,514434.06,423812.25,12.561846,193.14021,90.0,0.0,0.0,0.0,1.9500758E-4,0.0,1.1323303E-4,0.0053855893,0.0,0.0,0.0
1537006088796,514517.8,423650.25,10.727526,10.9523115,90.0,0.0,0.0,0.0,1.9491102E-4,0.0,1.1326221E-4,0.0052155755,0.0,0.0,0.0
1537006088812,514568.2,423539.0,7.6327324,132.79036,90.0,0.0,0.0,0.0,1.8087363E-4,0.0,1.132845E-4,0.005110024,0.0,0.0,0.0
1537006088829,514541.44,423322.88,12.810244,127.66785,90.0,0.0,0.0,0.0,1.8095737E-4,0.0,1.13356306E-4,0.0049909456,0.0,0.0,0.0
1537006088846,514410.94,423255.62,8.63581,54.90802,90.0,0.0,0.0,0.0,1.6598824E-4,0.0,1.1340516E-4,0.0050255395,0.0,0.0,0.0
1537006088862,514231.9,423204.25,11.6410475,154.89207,90.0,0.0,0.0,0.0,1.5921428E-4,0.0,1.134592E-4,0.005096146,0.0,0.0,0.0
1537006088879,514071.88,423139.75,10.149446,31.861517,90.0,0.0,0.0,0.0,1.5930376E-4,0.0,1.135129E-4,0.00514391,0.0,0.0,0.0
1537006088896,513912.0,423086.12,9.919338,149.39984,90.0,0.0,0.0,0.0,1.4491558E-4,0.0,1.1356287E-4,0.0051959446,0.0,0.0,0.0
1537006088913,513677.72,423114.38,13.881078,141.2991,90.0,0.0,0.0,0.0,1.449972E-4,0.0,1.1360257E-4,0.005349275,0.0,0.0,0.0
1537006088929,513578.2,423180.38,14.748645,31.848272,90.0,0.0,0.0,0.0,1.4498607E-4,0.0,1.1360292E-4,0.0054597715,0.0,0.0,0.0
1537006088946,513472.44,423322.12,13.881078,204.50015,90.0,0.0,0.0,0.0,1.4491638E-4,0.0,1.13582195E-4,0.005645441,0.0,0.0,0.0
1537006088993,513273.53,423760.75,5.0208154,280.19604,90.0,0.0,1.528334E-4,0.0,1.3028407E-4,0.0,1.134973E-4,0.0063947453,0.0,0.0,0.0
1537006089000,513249.9,423819.25,33.71119,217.22588,90.0,0.0,1.534586E-4,0.0,1.3025262E-4,0.0,1.13486014E-4,0.006480422,0.0,0.0,0.0
1537006089012,513206.03,423928.75,9.830249,335.01523,90.0,0.0,1.5226235E-4,0.0,1.2258183E-4,0.0,1.134652E-4,0.0068547484,0.0,0.0,0.0
1537006089029,513139.03,424097.62,6.938999,153.6565,90.0,0.0,1.5559263E-4,0.0,1.2250009E-4,0.0,1.1343396E-4,0.007134121,0.0,0.0,0.0
1537006089046,513070.62,424270.12,6.938999,338.9014,90.0,0.0,1.5781933E-4,0.0,1.2239671E-4,0.0,1.13403315E-4,0.0074503175,0.0,0.0,0.0
1537006089062,513017.0,424367.0,7.3726864,230.47232,90.0,0.0,1.5909724E-4,0.0,1.2995784E-4,0.0,1.1338993E-4,0.0076609356,0.0,0.0,0.0
1537006089087,512919.62,424597.62,10.013573,479.60165,89.0,0.0,1.6120991E-4,0.0,1.2987603E-4,0.0,1.1335322E-4,0.008188299,0.0,0.0,0.0
1537006089096,512896.75,424656.75,27.815481,416.25778,89.0,0.0,1.6166815E-4,0.0,1.3748078E-4,0.0,1.1334372E-4,0.008335982,0.0,0.0,0.0
1537006089113,512848.72,424832.88,10.73864,598.59045,89.0,0.0,1.6242522E-4,0.0,1.2126092E-4,0.0,1.1331191E-4,0.008948768,0.0,0.0,0.0
1537006089129,512804.84,425011.5,11.495907,415.2461,89.0,0.0,1.629292E-4,0.0,1.2972463E-4,0.0,1.1327987E-4,0.009464375,0.0,0.0,0.0
1537006089162,512695.84,425481.62,14.624109,896.50946,89.0,0.0,1.6339771E-4,0.0,1.3715768E-4,0.0,1.1320015E-4,0.011237337,0.0,0.0,0.0
1537006089169,512680.97,425547.0,9.57799,829.57166,89.0,0.0,1.6337536E-4,0.0,1.3711669E-4,0.0,1.1318969E-4,0.011545175,0.0,0.0,0.0
1537006089179,512656.1,425657.25,11.302136,942.4088,89.0,0.0,1.632879E-4,0.0,1.280023E-4,0.0,1.1317239E-4,0.012103578,0.0,0.0,0.0
1537006089220,512609.94,425861.25,5.1013756,733.6294,89.0,0.0,1.6298368E-4,0.0,1.3712715E-4,0.0,1.1314166E-4,0.01327187,0.0,0.0,0.0
1537006089229,512595.8,425867.62,1.7218862,743.8761,89.0,0.0,1.6329404E-4,0.0,1.3721506E-4,0.0,1.1314363E-4,0.013385498,0.0,0.0,0.0
1537006089246,512502.06,425920.38,6.3277345,669.357,89.0,0.0,1.6528578E-4,0.0,1.373302E-4,0.0,1.1315472E-4,0.014364495,0.0,0.0,0.0
1537006089262,512377.4,425958.75,8.151835,740.262,89.0,0.0,1.6825127E-4,0.0,1.3748632E-4,0.0,1.13175774E-4,0.015622393,0.0,0.0,0.0
1537006089279,512145.4,425972.12,13.669719,681.89545,89.0,0.0,1.7457402E-4,0.0,1.2229451E-4,0.0,1.13226E-4,0.018501157,0.0,0.0,0.0
1537006089296,511986.0,426046.5,10.347257,777.62384,89.0,0.0,1.7845548E-4,0.0,1.223321E-4,0.0,1.132482E-4,0.02376612,0.0,0.0,0.0
1537006089312,511928.75,426159.12,7.896289,655.35443,89.0,0.0,1.7886158E-4,0.0,1.2227947E-4,0.0,1.1324067E-4,0.030989502,0.0,0.0,0.0
1537006089329,511998.12,426279.38,8.166298,765.55096,89.0,0.0,1.754187E-4,0.0,1.2224811E-4,0.0,1.13203394E-4,0.027049152,0.0,0.0,0.0
1537006089346,512107.5,426481.88,13.53825,584.8674,89.0,0.0,1.7002739E-4,0.0,1.2223104E-4,0.0,1.1314291E-4,0.022161026,0.0,0.0,0.0
1537006089362,512086.0,426660.75,11.260155,763.1102,89.0,0.0,1.6842787E-4,0.0,1.2220441E-4,0.0,1.1311789E-4,0.021832502,0.0,0.0,0.0
1537006089380,511972.5,426811.38,10.477804,593.80084,89.0,0.0,1.693955E-4,0.0,1.2220557E-4,0.0,1.13120244E-4,0.022539105,0.0,0.0,0.0
1537006089396,511804.34,426898.12,11.825899,717.8533,89.0,0.0,1.725205E-4,0.0,1.2223353E-4,0.0,1.13146336E-4,0.022825465,0.0,0.0,0.0
1537006089413,511823.22,426852.75,2.8908374,766.9376,89.0,0.0,1.7267962E-4,0.0,1.2233508E-4,0.0,1.13148875E-4,0.023281056,0.0,0.0,0.0
1537006089430,511882.25,426744.0,7.2787437,644.87305,89.0,0.0,1.7264603E-4,0.0,1.224245E-4,0.0,1.1315214E-4,0.024060296,0.0,0.0,0.0
1537006089515,511435.94,427074.0,6.5301523,373.99368,89.0,0.0,1.7953964E-4,0.0,1.2227928E-4,0.0,1.13206894E-4,0.019453576,0.0,0.0,0.0
1537006089519,511382.7,427109.25,15.96505,371.19888,89.0,0.0,1.8037099E-4,0.0,1.2225778E-4,0.0,1.13214395E-4,0.018677827,0.0,0.0,0.0
1537006089530,511324.53,427138.12,5.9027343,382.02475,89.0,0.0,1.8144019E-4,0.0,1.2223831E-4,0.0,1.1322401E-4,0.017963562,0.0,0.0,0.0
1537006089546,511115.62,427088.75,13.416366,243.09673,89.0,0.0,1.8829704E-4,0.0,1.2236189E-4,0.0,1.1327961E-4,0.016780375,0.0,0.0,0.0
1537006089563,511032.88,426927.25,10.674455,419.76166,89.0,0.0,1.9410561E-4,0.0,1.2248183E-4,0.0,1.1332136E-4,0.016914373,0.0,0.0,0.0
1537006089580,511100.0,426820.25,7.4301276,350.59796,89.0,0.0,1.941654E-4,0.0,1.22545E-4,0.0,1.13321454E-4,0.01821763,0.0,0.0,0.0
1537006089596,511147.16,426880.12,4.763438,274.79117,89.0,0.0,1.9149443E-4,0.0,1.2252071E-4,0.0,1.13301896E-4,0.018417034,0.0,0.0,0.0
1537006089612,511210.4,426886.88,3.9755723,317.63376,89.0,0.0,1.8942336E-4,0.0,1.2250456E-4,0.0,1.13286354E-4,0.019185632,0.0,0.0,0.0
1537006089629,511251.53,426837.88,3.7629893,334.04105,89.0,0.0,1.8909434E-4,0.0,1.2248164E-4,0.0,1.1328409E-4,0.020563802,0.0,0.0,0.0
1537006089646,511315.16,426680.25,9.998924,264.85913,89.0,0.0,1.899985E-4,0.0,1.2248007E-4,0.0,1.13293354E-4,0.024643563,0.0,0.0,0.0
1537006089662,511422.06,426477.75,14.3117075,356.5775,89.0,0.0,1.9007128E-4,0.0,1.2248252E-4,0.0,1.1330112E-4,0.031478163,0.0,0.0,0.0
1537006089679,511586.56,426371.62,11.515412,367.00894,89.0,0.0,1.8649791E-4,0.0,1.2240696E-4,0.0,1.1328134E-4,0.03859126,0.0,0.0,0.0
1537006089696,511636.97,426246.62,7.9282656,425.57684,89.0,0.0,1.8671053E-4,0.0,1.2241786E-4,0.0,1.1329128E-4,0.063440874,0.0,0.0,0.0
1537006089713,511651.22,426180.5,3.9790013,381.64212,89.0,0.0,1.8717465E-4,0.0,1.2242727E-4,0.0,1.1329961E-4,0.060145017,0.0,0.0,0.0
1537006089729,511681.34,426182.38,1.8864559,361.06763,89.0,0.0,1.8618318E-4,0.0,1.2244526E-4,0.0,1.13292495E-4,0.07665449,0.0,0.0,0.0
1537006089746,511689.84,426185.88,0.54072875,369.06204,89.0,0.0,1.8586511E-4,0.0,1.2264874E-4,0.0,1.1328996E-4,0.080963075,0.0,0.0,0.0
1537006089763,511689.84,426185.88,0.0,0.0,89.0,0.0,1.8586511E-4,0.0,1.2297832E-4,0.0,1.1328996E-4,0.08095798,0.0,0.0,0.0
1537006089780,511689.84,426185.88,0.0,0.0,89.0,0.0,1.8586511E-4,0.0,1.2311227E-4,0.0,1.1328996E-4,0.08095798,0.0,0.0,0.0
1537006089796,511689.84,426185.88,0.0,0.0,89.0,0.0,1.8586511E-4,0.0,1.1402542E-4,0.0,1.1328996E-4,0.08095798,0.0,0.0,0.0
1537006089813,511690.1,426186.0,0.016441677,0.2795085,89.0,0.0,1.8585548E-4,0.0,1.230267E-4,0.0,1.1328989E-4,0.08109413,0.0,0.0,0.0
1537006089830,511693.47,426219.38,1.9732478,33.39653,89.0,0.0,1.8529629E-4,0.0,1.229103E-4,0.0,1.1328326E-4,0.12989044,0.0,0.0,0.0
1537006089846,511624.8,426333.12,8.303976,107.855446,89.0,0.0,1.8586045E-4,0.0,1.2277467E-4,0.0,1.1327918E-4,0.046687394,0.0,0.0,0.0
1537006089863,511456.44,426420.75,11.165363,96.85617,88.0,0.0,1.898884E-4,0.0,1.2268871E-4,0.0,1.1330265E-4,0.03234956,0.0,0.0,0.0
1537006089879,511385.44,426534.12,8.360737,109.28908,88.0,0.0,1.9030679E-4,0.0,1.2260549E-4,0.0,1.13300324E-4,0.030314088,0.0,0.0,0.0
1537006089896,511388.3,426670.75,8.038544,37.931282,87.0,0.0,1.8788819E-4,0.0,1.224955E-4,0.0,1.1327809E-4,0.028854702,0.0,0.0,0.0
1537006089913,511271.78,426824.38,11.342447,154.8914,87.0,0.0,1.8872698E-4,0.0,1.2238376E-4,0.0,1.1328144E-4,0.021163587,0.0,0.0,0.0
1537006089929,511191.4,426931.0,8.345337,21.376553,87.0,0.0,1.8915246E-4,0.0,1.223273E-4,0.0,1.1328434E-4,0.018819602,0.0,0.0,0.0
1537006089946,511064.38,426997.25,8.4275875,163.09425,87.0,0.0,1.9168416E-4,0.0,1.2234243E-4,0.0,1.1330421E-4,0.017106818,0.0,0.0,0.0
1537006089963,510901.12,427079.88,10.76285,22.782621,87.0,0.0,1.949245E-4,0.0,1.2234684E-4,0.0,1.1333044E-4,0.015579899,0.0,0.0,0.0
1537006089980,510762.34,427185.25,10.250179,156.88417,87.0,0.0,1.9677758E-4,0.0,1.22349E-4,0.0,1.1334845E-4,0.014544285,0.0,0.0,0.0
1537006090009,510444.3,427338.62,12.175283,207.59741,87.0,0.0,2.0268364E-4,0.0,1.2236272E-4,0.0,1.1340248E-4,0.01314587,0.0,0.0,0.0
1537006090030,510219.53,427378.0,10.86685,24.24259,87.0,0.0,2.0858392E-4,0.0,1.223599E-4,0.0,1.1344939E-4,0.012619642,0.0,0.0,0.0
1537006090046,510077.0,427433.0,14.262741,135.51361,86.0,0.0,2.1139183E-4,0.0,1.2234125E-4,0.0,1.1347566E-4,0.012338581,0.0,0.0,665482.94
1537006090063,510023.75,427469.75,13.423757,71.660995,86.0,0.0,2.1189007E-4,0.0,1.2233578E-4,0.0,1.13483715E-4,0.012229992,0.0,0.0,665460.0
1537006090080,509904.0,427559.25,8.79413,219.51245,86.0,0.0,2.1264651E-4,0.0,1.2229854E-4,0.0,1.1350139E-4,0.01200887,0.0,0.0,665425.8
1537006090105,509707.6,427708.62,9.870222,34.75742,85.0,0.0,2.1334189E-4,0.0,1.2226493E-4,0.0,1.1353106E-4,0.011722644,0.0,0.0,665374.06
1537006090113,509630.72,427763.5,11.806401,70.16554,84.0,0.0,2.1358325E-4,0.0,1.2225498E-4,0.0,1.1354337E-4,0.0116372565,0.0,0.0,665333.44
1537006090130,509533.06,427791.75,5.980015,31.608335,84.0,0.0,2.1529227E-4,1.5683261E-5,1.2231235E-4,0.0,1.1356306E-4,0.011591923,0.0,0.0,665284.06
1537006090146,509417.7,427848.88,8.046412,98.41351,84.0,0.0,2.1632017E-4,1.5683261E-5,1.2237627E-4,0.0,1.1358424E-4,0.011530302,0.0,0.0,665233.4
1537006090163,509283.03,427909.38,8.683707,51.17407,84.0,0.0,2.1756624E-4,1.5685924E-5,1.2245377E-4,0.0,1.1360969E-4,0.011489867,0.0,0.0,665138.1
1537006090180,509130.53,427957.25,9.402249,109.09795,84.0,0.0,2.1957209E-4,1.5685924E-5,1.224683E-4,0.0,1.1364047E-4,0.011496619,0.0,0.0,665095.2
1537006090196,509109.5,427963.75,1.3758001,87.12653,84.0,0.0,2.1983599E-4,1.5685924E-5,1.2241931E-4,0.0,1.13644724E-4,0.011500058,0.0,0.0,665094.06
1537006090213,509157.66,427951.38,2.924757,38.187244,83.0,0.0,2.191234E-4,1.5685924E-5,1.2240944E-4,0.0,1.1363476E-4,0.011490274,0.0,0.0,665132.8
1537006090230,509247.78,427915.25,5.7114983,135.01602,83.0,0.0,2.1825526E-4,1.5685924E-5,1.2241263E-4,0.0,1.1361725E-4,0.011494487,0.0,0.0,665183.75
1537006090247,509395.44,427843.5,9.656816,29.530588,83.0,0.0,2.1713054E-4,1.5685924E-5,1.2245566E-4,0.0,1.135898E-4,0.011539196,0.0,0.0,665250.25
1537006090262,509550.2,427677.88,15.111321,197.96588,83.0,0.0,2.1906072E-4,1.5685924E-5,1.2255997E-4,0.0,1.1357001E-4,0.011723182,0.0,0.0,665244.1
1537006090279,509581.06,427501.25,10.54725,103.23358,83.0,0.0,2.2487942E-4,1.5685924E-5,1.11008056E-4,0.0,1.1358078E-4,0.011925083,0.0,0.0,665129.75
1537006090296,509576.7,427493.5,0.52350664,97.14853,83.0,0.0,2.253231E-4,1.5685924E-5,1.2278695E-4,0.0,1.1358257E-4,0.01193283,0.0,0.0,665145.94
1537006090312,509644.34,427530.5,4.819544,32.343193,82.0,0.0,2.2173556E-4,1.5685924E-5,1.2278247E-4,0.0,1.1356347E-4,0.011907336,0.0,0.0,665229.56
1537006090329,509672.22,427461.75,4.3638883,102.1469,82.0,0.0,2.2342616E-4,1.5685924E-5,1.2281018E-4,0.0,1.1356439E-4,0.011992378,0.0,0.0,665200.75
1537006090346,509707.84,427409.88,3.7017512,39.288647,82.0,0.0,2.2419765E-4,1.5685924E-5,1.227799E-4,0.0,1.13561946E-4,0.012157603,0.0,0.0,665149.0
1537006090362,509642.34,427253.75,3.9331107,195.56662,82.0,0.0,2.3252537E-4,1.5685924E-5,1.2281409E-4,0.0,1.13593895E-4,0.01229786,0.0,0.0,664983.25
1537006090379,509536.7,427099.38,11.00407,69.70895,82.0,0.0,2.4298482E-4,1.5685924E-5,1.229031E-4,0.0,1.1363501E-4,0.012430932,0.0,0.0,664862.0
1537006090396,509415.2,426970.5,11.00407,175.79216,82.0,0.0,2.539121E-4,1.5685924E-5,1.2298668E-4,0.0,1.1367677E-4,0.012569429,0.0,0.0,664686.1
1537006090412,509306.4,426900.38,8.089073,105.598366,82.0,0.0,2.6225185E-4,1.5685924E-5,1.2302221E-4,0.0,1.1370871E-4,0.012689164,0.0,0.0,664497.0
1537006090429,509135.78,426843.75,10.575037,195.1692,82.0,0.0,2.7341783E-4,1.5685924E-5,1.1129233E-4,0.0,1.1375204E-4,0.012899019,0.0,0.0,664332.0
1537006090446,508948.75,426809.12,10.575037,132.6969,82.0,0.0,2.8484795E-4,1.5685924E-5,1.1126377E-4,0.0,1.1379582E-4,0.013199653,0.0,0.0,664225.0
1537006090462,508897.12,426801.5,3.2615666,124.694725,82.0,0.0,2.8798598E-4,1.5685924E-5,1.1122292E-4,0.0,1.1380759E-4,0.013298565,0.0,0.0,664126.3
1537006090479,508709.47,426774.62,3.0697098,221.9972,82.0,0.0,2.9965222E-4,1.5685924E-5,1.2286735E-4,0.0,1.1385007E-4,0.0137264365,0.0,0.0,663973.5
1537006090496,508596.56,426748.38,6.818681,150.86932,82.0,0.0,3.0767324E-4,1.5685924E-5,1.2282727E-4,0.0,1.13876595E-4,0.014067078,0.0,0.0,663857.4
1537006090512,508430.94,426684.25,11.100333,259.1741,82.0,0.0,3.2211604E-4,1.5685924E-5,1.2282579E-4,0.0,1.139182E-4,0.014770398,0.0,0.0,663701.0
1537006090529,508339.9,426568.62,10.447372,237.96336,82.0,0.0,3.3807312E-4,1.5685924E-5,1.2287132E-4,0.0,1.13950366E-4,0.015683664,0.0,0.0,663604.0
1537006090546,508378.7,426550.88,2.508841,199.31421,82.0,0.0,3.3734535E-4,1.5685924E-5,1.228799E-4,0.0,1.1394464E-4,0.015603449,0.0,0.0,663604.1
1537006090562,508338.66,426480.12,5.0806246,242.44576,82.0,0.0,3.468314E-4,1.5685924E-5,1.2292966E-4,0.0,1.1396131E-4,0.016232818,0.0,0.0,663510.7
1537006090579,508307.78,426356.88,7.4740214,154.3123,82.0,0.0,3.618046E-4,1.5685924E-5,1.0686377E-4,0.0,1.13982795E-4,0.016893972,0.0,0.0,663443.25
1537006090596,508340.16,426245.0,6.8508973,261.05792,82.0,0.0,3.7150667E-4,1.5685924E-5,1.2307323E-4,0.0,1.1399071E-4,0.01742135,0.0,0.0,663396.1
1537006090612,508408.3,426141.75,7.7322974,137.34987,82.0,0.0,3.7708975E-4,1.5685924E-5,1.2313084E-4,0.0,1.13990915E-4,0.017299134,0.0,0.0,663382.1
1537006090629,508426.3,426103.62,2.480035,179.10463,82.0,0.0,3.7966683E-4,1.5685924E-5,1.2313845E-4,0.0,1.1399253E-4,0.01729199,0.0,0.0,663377.06
1537006090646,508369.94,426193.25,6.2282925,284.98557,82.0,0.0,3.7475015E-4,1.5685924E-5,1.2302035E-4,0.0,1.1399161E-4,0.017433595,0.0,0.0,663385.75
1537006090663,508294.28,426282.62,6.888072,169.8297,82.0,0.0,3.7101316E-4,1.5685924E-5,1.2287717E-4,0.0,1.13994945E-4,0.01763838,0.0,0.0,663359.56
1537006090680,508123.78,426341.0,10.600955,324.0958,82.0,0.0,3.773324E-4,1.5685924E-5,1.2273845E-4,0.0,1.1402134E-4,0.019015314,0.0,0.0,663292.1
1537006090697,507978.38,426354.38,8.589417,221.31679,82.0,0.0,3.8626976E-4,1.5685924E-5,1.2265169E-4,0.0,1.1404839E-4,0.02040592,0.0,0.0,663189.3
1537006090712,507864.5,426273.38,9.316298,244.37097,82.0,0.0,4.0584977E-4,1.5685924E-5,1.2271675E-4,0.0,1.140806E-4,0.024345487,0.0,0.0,662963.5
1537006090729,507771.84,426182.0,7.6548758,240.6706,82.0,0.0,4.2722432E-4,1.5685924E-5,1.2281584E-4,0.0,1.14109884E-4,0.029603383,0.0,0.0,662903.7
1537006090746,507790.1,426167.0,1.3896086,218.61636,82.0,0.0,4.281909E-4,1.5685924E-5,1.228266E-4,0.0,1.1410824E-4,0.032143924,0.0,0.0,662961.5
1537006090762,507896.88,426175.38,6.6943235,279.8654,82.0,0.0,4.1793069E-4,1.5685924E-5,1.2280901E-4,0.0,1.1408656E-4,0.03230446,0.0,0.0,663000.94
1537006090779,507919.75,426133.62,2.8003511,235.77594,82.0,0.0,4.223623E-4,1.5685924E-5,1.2283042E-4,0.0,1.1408746E-4,0.037346054,0.0,0.0,663000.2
1537006090796,507905.88,426149.88,1.2569228,214.96233,82.0,0.0,4.2107448E-4,1.5685924E-5,1.2281256E-4,0.0,1.14088056E-4,0.035691824,0.0,0.0,663015.6
1537006090812,507933.12,426208.5,4.040543,235.86163,82.0,0.0,4.0994879E-4,1.5685924E-5,1.2279268E-4,0.0,1.1407533E-4,0.027698118,0.0,0.0,663076.3
1537006090829,507943.0,426227.88,1.2792006,227.7371,82.0,0.0,4.0632937E-4,1.5685924E-5,1.2279507E-4,0.0,1.1407097E-4,0.02606274,0.0,0.0,663079.2
1537006090846,507889.88,426255.88,3.532482,285.2865,82.0,0.0,4.064722E-4,1.5685924E-5,1.2278344E-4,0.0,1.1407781E-4,0.025222093,0.0,0.0,663058.2
1537006090862,507796.22,426239.38,5.943662,239.683,82.0,0.0,4.1615783E-4,1.5685924E-5,9.546222E-5,0.0,1.14098046E-4,0.025910586,0.0,0.0,662934.5
1537006090880,507660.84,426108.25,10.47044,263.72745,82.0,0.0,4.4913418E-4,1.5685924E-5,1.229037E-4,0.0,1.1414041E-4,0.026824506,0.0,0.0,662723.44
1537006090896,507642.22,425943.62,10.354702,336.7869,82.0,0.0,4.8318427E-4,1.5685924E-5,1.2299945E-4,0.0,1.1416514E-4,0.026624242,0.0,0.0,662647.6
1537006090913,507648.97,425879.5,3.7928991,288.56577,82.0,0.0,4.9623847E-4,1.5685924E-5,1.230278E-4,0.0,1.1417238E-4,0.02608599,0.0,0.0,662643.25
1537006090930,507661.34,425880.88,0.73242086,297.55276,82.0,0.0,4.9455796E-4,1.5685924E-5,1.2302664E-4,0.0,1.14169874E-4,0.026666218,0.0,0.0,662627.0
1537006090946,507629.97,425834.12,3.518896,300.16138,82.0,0.0,5.0862104E-4,1.5685924E-5,1.0662003E-4,0.0,1.1418204E-4,0.024865652,0.0,0.0,662565.56
1537006090963,507610.72,425693.25,8.363772,369.79694,82.0,0.0,5.457263E-4,1.5685924E-5,1.2308617E-4,0.0,1.1420497E-4,0.023857389,0.0,0.0,662482.75
1537006090980,507625.47,425657.0,2.3021166,333.44553,82.0,0.0,5.5315136E-4,1.5685924E-5,1.2306815E-4,0.0,1.14207345E-4,0.024430076,0.0,0.0,662470.75
1537006090996,507634.6,425649.25,0.7482483,345.38092,82.0,0.0,5.5383577E-4,1.5685924E-5,1.2300901E-4,0.0,1.1420676E-4,0.024896625,0.0,0.0,662473.4
1537006091013,507686.72,425598.12,4.294835,272.37,82.0,0.0,5.591304E-4,1.5685924E-5,1.2298612E-4,0.0,1.14204464E-4,0.027904568,0.0,0.0,662485.8
1537006091044,507724.6,425572.75,1.4706304,317.24088,81.0,0.0,5.5939273E-4,1.5685924E-5,1.2295118E-4,0.0,1.1420116E-4,0.01737237,0.0,0.0,662544.44
1537006091064,507789.72,425575.75,3.2597032,275.863,81.0,0.0,5.473886E-4,1.5685924E-5,1.2293772E-4,0.0,1.1418871E-4,0.017751247,0.0,0.0,662551.25
1537006091080,507796.1,425572.5,0.44722724,282.3114,81.0,0.0,5.470813E-4,1.5685924E-5,1.229586E-4,0.0,1.1418802E-4,0.017738089,0.0,0.0,662547.25
1537006091096,507794.47,425570.62,0.1550737,281.82852,81.0,10.0,5.478214E-4,1.5685924E-5,1.229552E-4,0.0,1.1418859E-4,0.017706094,0.0,0.0,662536.5
1537006091120,507685.72,425574.75,4.534508,227.17845,81.0,10.0,5.6555215E-4,1.5685924E-5,1.2295129E-4,0.0,1.1420803E-4,0.017164508,0.0,0.0,662435.4
1537006091130,507597.7,425583.0,8.841699,272.93863,81.0,10.0,5.781155E-4,1.5685924E-5,1.2294021E-4,0.0,1.1422299E-4,0.016667867,0.0,0.0,662372.7
1537006091146,507499.44,425596.62,6.19939,219.25243,81.0,10.0,5.8988313E-4,1.8423452E-5,1.2292468E-4,0.0,1.1423901E-4,0.016088715,0.0,0.0,662335.4
1537006091163,507408.06,425605.12,5.3982058,264.8529,81.0,10.0,6.009618E-4,1.8412993E-5,1.229406E-4,0.0,1.14254464E-4,0.01552456,0.0,0.0,662256.25
1537006091180,507317.9,425601.5,5.307594,231.3032,81.0,10.0,6.1485555E-4,1.8409452E-5,1.2300376E-4,0.0,1.1427134E-4,0.014972883,0.0,0.0,662199.44
1537006091196,507298.03,425508.12,5.966674,151.48103,81.0,10.0,6.526798E-4,1.844867E-5,1.2313362E-4,0.0,1.1428804E-4,0.014590224,0.0,0.0,662124.2
1537006091213,507224.03,425386.0,8.399727,253.1334,80.0,10.0,7.1858027E-4,1.850237E-5,1.2327662E-4,0.0,1.1431879E-4,0.014052674,0.0,0.0,661939.06
1537006091230,507111.9,425253.88,10.193462,166.37244,80.0,10.0,8.129552E-4,1.8544348E-5,1.1246371E-4,0.0,1.1435793E-4,0.013578136,0.0,0.0,661748.2
1537006091250,507029.88,425161.25,6.1863794,216.03163,80.0,10.0,8.9443737E-4,1.8568604E-5,1.2344234E-4,0.0,1.1438601E-4,0.013302669,0.0,0.0,661633.1
1537006091263,506947.25,425064.5,9.786917,163.8124,79.0,10.0,9.954849E-4,1.8591576E-5,1.2350219E-4,0.0,1.1441488E-4,0.013022395,0.0,0.0,661221.9
1537006091300,506735.97,424774.12,9.705579,418.52695,79.0,10.0,0.0014448195,1.8679037E-5,1.2366497E-4,0.0,1.1449578E-4,0.012094467,0.0,0.0,661221.9
1537006091330,506510.06,424559.0,10.398312,231.64195,79.0,10.0,0.0018915643,1.8735305E-5,1.2375324E-4,0.0,1.1456742E-4,0.011177297,0.0,0.0,660860.5
1537006091337,506465.7,424534.0,7.2761006,233.18143,79.0,10.0,0.0018950474,1.8739367E-5,1.2375938E-4,0.0,1.1457864E-4,0.011048592,0.0,0.0,660802.0
1537006091347,506365.7,424467.88,5.0932703,238.82538,79.0,10.0,0.0018649573,1.8755145E-5,1.2379387E-4,0.0,1.1460542E-4,0.010771028,0.0,0.0,660673.3
1537006091363,506250.53,424328.75,11.287563,298.4209,79.0,10.0,0.0018302886,1.8793757E-5,1.2385035E-4,0.0,1.14646726E-4,0.010399532,0.0,0.0,660563.75
1537006091380,506170.4,424167.25,10.604932,197.59654,79.0,10.0,0.0017422813,1.8842235E-5,1.239232E-4,0.0,1.1468671E-4,0.010074598,0.0,0.0,660342.94
1537006091397,506142.4,423985.38,10.824571,333.60794,79.0,10.0,0.0016573283,1.8900248E-5,1.240401E-4,0.0,1.1472311E-4,0.009794743,0.0,0.0,660260.4
1537006091413,506160.9,423808.5,11.501106,169.02039,79.0,10.0,0.0015658688,1.896016E-5,1.2419114E-4,0.0,1.1475279E-4,0.00957047,0.0,0.0,660160.94
1537006091430,506170.66,423622.0,10.824571,339.56674,79.0,10.0,0.0013691195,1.9023004E-5,1.2436304E-4,0.0,1.147868E-4,0.009329649,0.0,0.0,660048.75
1537006091522,506329.78,423208.25,4.818416,104.26004,79.0,10.0,0.0010369061,1.9143179E-5,1.2492131E-4,0.0,1.1484763E-4,0.008881949,0.0,0.0,659897.3
1537006091543,506346.2,423216.75,0.8798771,106.29169,79.0,10.0,0.0010528214,1.9133064E-5,1.2503435E-4,0.0,1.14843555E-4,0.008900577,0.0,0.0,659923.4
1537006091548,506352.94,423226.38,2.3511965,99.33805,79.0,10.0,0.0010657812,1.9128529E-5,1.2504746E-4,0.0,1.1484058E-4,0.008916371,0.0,0.0,659934.75
1537006091563,506348.3,423230.12,0.3969502,104.55752,79.0,10.0,0.0010674922,1.9106237E-5,1.251414E-4,0.0,1.1484044E-4,0.008919048,0.0,0.0,659934.5
1537006091580,506361.56,423219.0,1.0177119,120.23113,79.0,10.0,0.0010621038,1.9099136E-5,1.2525609E-4,0.0,1.14840914E-4,0.008910836,0.0,0.0,659939.56
1537006091597,506377.8,423206.75,1.1970625,102.37634,79.0,10.0,0.0010565622,1.9099272E-5,1.2537638E-4,0.0,1.14841205E-4,0.008902467,0.0,0.0,659947.2
1537006091613,506431.3,423169.12,4.087849,161.14044,79.0,10.0,0.0010384053,1.9112484E-5,1.2548824E-4,0.0,1.1484166E-4,0.00887756,0.0,0.0,659960.44
1537006091630,506452.7,423154.12,1.5360609,136.96967,79.0,10.0,0.0010301316,1.9108431E-5,1.2559378E-4,0.0,1.1484187E-4,0.008867245,0.0,0.0,659967.06
1537006091647,506472.2,423127.88,1.9235497,169.5307,79.0,10.0,0.001009632,1.9113944E-5,1.0693525E-4,0.0,1.14844755E-4,0.008840501,0.0,0.0,659956.0
1537006091663,506497.8,423052.75,4.9609437,93.913734,79.0,10.0,9.4616E-4,1.9137718E-5,1.2579469E-4,0.0,1.1485742E-4,0.00874995,0.0,0.0,659920.6
1537006091680,506544.2,422899.75,9.404343,247.7432,79.0,10.0,8.347029E-4,1.9182291E-5,1.2595343E-4,0.0,1.14884824E-4,0.008564691,0.0,0.0,659872.1
1537006091696,506552.2,422883.0,1.1601497,229.1832,79.0,10.0,8.2419E-4,1.9182511E-5,1.2602482E-4,0.0,1.1488748E-4,0.008395365,0.0,0.0,659884.9
1537006091712,506549.56,422919.38,2.2793496,195.94763,79.0,10.0,8.490427E-4,1.9165836E-5,1.260694E-4,0.0,1.1487969E-4,0.008441099,0.0,0.0,659888.4
1537006091729,506549.56,422918.75,0.036764707,195.40965,79.0,10.0,8.485983E-4,1.916106E-5,1.2620147E-4,0.0,1.1487983E-4,0.008440294,0.0,0.0,659887.94
1537006091746,506548.8,422911.25,0.44337687,201.52971,79.0,10.0,8.4321486E-4,1.9161298E-5,1.2624035E-4,0.0,1.1488161E-4,0.008430404,0.0,0.0,659871.56
1537006091762,506519.56,422845.5,4.4976664,168.76173,79.0,10.0,7.9640275E-4,1.9180521E-5,1.2628388E-4,0.0,1.1490041E-4,0.008339203,0.0,0.0,659813.06
1537006091779,506515.7,422839.25,0.43257546,170.04503,79.0,10.0,7.9209305E-4,1.9182473E-5,1.0103549E-4,0.0,1.1490235E-4,0.008330507,0.0,0.0,659802.1
1537006091796,506457.94,422796.0,4.2441187,196.01886,79.0,10.0,7.597962E-4,1.9191277E-5,1.1761919E-4,0.0,1.14920025E-4,0.0082646115,0.0,0.0,659739.44
1537006091812,506416.7,422760.38,3.4065099,177.69078,79.0,10.0,7.3522766E-4,1.9196097E-5,1.2651742E-4,0.0,1.1493369E-4,0.008214958,0.0,0.0,659676.8
1537006091829,506406.3,422720.38,2.4308004,165.89627,79.0,10.0,7.1355083E-4,1.920633E-5,1.2662569E-4,0.0,1.149442E-4,0.00816854,0.0,0.0,659640.06
1537006091846,506394.3,422705.62,1.1185175,162.10378,79.0,10.0,7.049023E-4,1.9208474E-5,1.2670833E-4,0.0,1.149492E-4,0.008150343,0.0,0.0,659618.2
1537006091863,506367.7,422681.12,2.1283557,175.82452,79.0,10.0,6.9013424E-4,1.9213689E-5,1.2674206E-4,0.0,1.1495838E-4,0.008119781,0.0,0.0,659596.5
1537006091879,506367.7,422681.12,0.0,0.0,79.0,10.0,6.9013424E-4,1.9213689E-5,1.2674392E-4,0.0,1.1495838E-4,0.008119781,0.0,0.0,659596.5
1537006091896,506350.94,422667.12,1.2841359,21.83031,79.0,10.0,6.8172667E-4,1.9215688E-5,1.267725E-4,0.0,1.1496383E-4,0.0081025725,0.0,0.0,659574.7
1537006091913,506350.94,422667.12,0.0,0.0,79.0,10.0,6.8172667E-4,1.9215688E-5,1.267725E-4,0.0,1.1496383E-4,0.0081025725,0.0,0.0,659574.7
1537006091929,506350.94,422667.12,0.0,0.0,79.0,10.0,6.8172667E-4,1.9215688E-5,1.267725E-4,0.0,1.1496383E-4,0.0081025725,0.0,0.0,659574.7
1537006091946,506298.16,422621.38,4.108782,69.84929,79.0,10.0,6.555597E-4,1.9225137E-5,1.2684565E-4,0.0,1.1498136E-4,0.008049083,0.0,0.0,659459.3
1537006091963,506175.16,422564.88,4.108782,71.03686,79.0,10.0,6.179836E-4,1.9230183E-5,1.2695444E-4,0.0,1.1501054E-4,0.007984088,0.0,0.0,659374.2
1537006091980,506126.9,422552.88,2.9246964,22.004284,79.0,10.0,6.072709E-4,1.9226229E-5,1.2699609E-4,0.0,1.15019575E-4,0.007970472,0.0,0.0,659284.5
1537006091996,505987.25,422529.62,3.10749,163.11542,79.0,10.0,5.7991786E-4,1.9217441E-5,1.2703384E-4,0.0,1.1504291E-4,0.007946182,0.0,0.0,659207.44
1537006092013,505887.62,422515.12,5.9220395,62.45198,79.0,10.0,5.7991786E-4,1.920253E-5,1.09426466E-4,0.0,1.15058916E-4,0.00793471,0.0,0.0,659121.6
1537006092030,505722.1,422491.0,9.840002,229.71854,79.0,10.0,5.7991786E-4,1.9179444E-5,1.2710411E-4,0.0,1.1508528E-4,0.007923233,0.0,0.0,658877.56
1537006092046,505546.44,422453.38,11.22754,52.220837,79.0,10.0,5.7991786E-4,1.9159645E-5,1.2714426E-4,0.0,1.151156E-4,0.007914463,0.0,0.0,658820.2
1537006092067,505365.06,422399.5,8.5543165,238.11253,79.0,10.0,5.7991786E-4,1.9107612E-5,1.2722837E-4,0.0,1.15149865E-4,0.007912098,0.0,0.0,658296.0
1537006092102,505031.62,422251.88,10.418732,141.3775,79.0,10.0,5.7991786E-4,1.9129937E-5,1.2730176E-4,0.0,1.1522266E-4,0.007944083,0.0,0.0,658296.0
1537006092113,504974.75,422222.75,5.808964,82.848434,79.0,10.0,5.7991786E-4,1.9116665E-5,1.2725787E-4,0.0,1.15235816E-4,0.00795839,0.0,0.0,658186.5
1537006092141,504686.84,422129.38,2.2820928,369.5969,79.0,10.0,5.7991786E-4,1.910845E-5,1.2723103E-4,0.0,1.1528942E-4,0.008079516,0.0,0.0,657952.9
1537006092163,504521.7,422052.5,8.28051,187.53004,79.0,10.0,5.7991786E-4,1.910405E-5,1.2720245E-4,0.0,1.1532493E-4,0.008185996,0.0,0.0,657717.8
1537006092168,504414.7,422013.88,22.751606,300.6263,79.0,10.0,5.7991786E-4,1.9101819E-5,1.2721328E-4,0.0,1.1534519E-4,0.008264053,0.0,0.0,657670.06
1537006092180,504353.7,421976.12,5.978005,229.59639,79.0,10.0,5.7991786E-4,1.910454E-5,1.2721604E-4,0.0,1.15360235E-4,0.008324916,0.0,0.0,657599.0
1537006092197,504273.28,421899.62,6.5284615,335.55658,79.0,10.0,5.7991786E-4,1.910896E-5,1.2728354E-4,0.0,1.1538611E-4,0.008447679,0.0,0.0,657475.5
1537006092213,504295.53,421834.62,4.2939196,330.07294,79.0,10.0,5.7991786E-4,1.9128529E-5,1.2732811E-4,0.0,1.1539879E-4,0.008522374,0.0,0.0,657443.3
1537006092230,504274.53,421734.12,6.039447,390.77753,79.0,10.0,5.7991786E-4,3.8530896E-5,1.2743879E-4,0.0,1.1542442E-4,0.008714121,0.0,0.0,657383.06
1537006092247,504230.66,421596.0,8.525056,298.33084,79.0,10.0,5.7991786E-4,3.8622336E-5,1.2755052E-4,0.0,1.15461604E-4,0.009126083,0.0,0.0,657210.44
1537006092263,504161.03,421449.62,10.130647,417.1663,79.0,10.0,5.7991786E-4,5.8200516E-5,1.2767117E-4,0.0,1.15503804E-4,0.009916927,0.0,0.0,657100.6
1537006092280,504108.9,421502.75,4.3780203,404.98203,79.0,10.0,5.7991786E-4,5.8121877E-5,1.2765879E-4,0.0,1.15495954E-4,0.00969185,0.0,0.0,657133.5
1537006092296,504131.28,421599.5,6.2064743,330.836,79.0,10.0,5.7991786E-4,5.7996003E-5,1.2759386E-4,0.0,1.15470575E-4,0.0092272945,0.0,0.0,657203.44
1537006092313,504006.38,421718.12,10.132933,326.33542,78.0,10.0,5.7991786E-4,5.7814163E-5,1.2756148E-4,0.0,1.15455E-4,0.008892177,0.0,0.0,657135.3
1537006092329,503895.5,421731.25,6.9780717,384.00833,78.0,10.0,5.7991786E-4,5.77482E-5,1.2754944E-4,0.0,1.1546287E-4,0.008834182,0.0,0.0,657080.1
1537006092346,503887.62,421720.0,0.80778676,370.50558,78.0,10.0,5.7991786E-4,5.769867E-5,1.2753822E-4,0.0,1.1546623E-4,0.008859079,0.0,0.0,657077.25
1537006092363,503958.62,421695.0,4.427814,343.8681,78.0,10.0,5.7991786E-4,5.7688587E-5,1.2752795E-4,0.0,1.1546507E-4,0.008952374,0.0,0.0,657138.5
1537006092379,504083.53,421668.25,7.9836583,409.7003,78.0,10.0,5.7991786E-4,5.7666108E-5,1.2750625E-4,0.0,1.1545901E-4,0.009021089,0.0,0.0,657230.2
1537006092396,504236.53,421520.62,12.5063505,437.4565,78.0,10.0,5.7991786E-4,5.78318E-5,1.275963E-4,0.0,1.1547919E-4,0.009397555,0.0,0.0,657190.75
1537006092413,504247.78,421343.5,10.440112,288.47812,78.0,10.0,5.7991786E-4,5.7972535E-5,1.2773908E-4,0.0,1.1552163E-4,0.010342903,0.0,0.0,657065.75
1537006092430,504210.78,421164.75,10.737601,459.38037,78.0,10.0,5.7991786E-4,5.8115205E-5,1.2783625E-4,0.0,1.155702E-4,0.012560612,0.0,0.0,656926.75
1537006092446,504141.53,420995.12,11.451017,277.60855,78.0,10.0,5.7991786E-4,5.8256403E-5,1.2793313E-4,0.0,1.1562023E-4,0.019736903,0.0,0.0,656777.6
1537006092463,504110.03,420931.88,4.156461,348.05347,78.0,10.0,5.7991786E-4,5.8360583E-5,1.2801637E-4,0.0,1.1563958E-4,0.027232293,0.0,0.0,656742.4
1537006092480,504112.16,420941.88,0.6013699,357.7649,78.0,10.0,5.7991786E-4,5.840484E-5,1.2809789E-4,0.0,1.1563676E-4,0.026516574,0.0,0.0,656755.75
1537006092496,504107.16,420957.12,1.0030471,347.2524,77.0,10.0,5.7991786E-4,5.7622397E-5,1.2811067E-4,0.0,1.15633215E-4,0.026661588,0.0,0.0,656756.4
1537006092513,504110.66,420954.75,0.24880771,347.11267,77.0,10.0,5.7991786E-4,5.7622397E-5,1.2817267E-4,0.0,1.1563352E-4,0.026048463,0.0,0.0,656757.5
1537006092529,504117.4,420946.62,0.66019094,350.4627,77.0,10.0,5.7991786E-4,5.7622397E-5,1.2820245E-4,0.0,1.1563505E-4,0.02502011,0.0,0.0,656757.5
1537006092546,504117.4,420946.62,0.0,0.0,77.0,10.0,5.7991786E-4,5.7622397E-5,1.18493626E-4,0.0,1.1563505E-4,0.02502011,0.0,0.0,656757.5
1537006092563,504117.9,420944.88,0.10706044,1.8200275,77.0,10.0,5.7991786E-4,5.7622397E-5,1.084672E-4,0.0,1.1563547E-4,0.024976157,0.0,0.0,656750.94
1537006092580,504069.12,420907.38,3.6193733,60.88271,77.0,10.0,5.7991786E-4,5.7622397E-5,9.739382E-5,0.0,1.1564962E-4,0.043906488,0.0,0.0,656668.4
1537006092596,503943.88,420855.12,8.481972,77.73996,77.0,10.0,5.7991786E-4,5.7622397E-5,1.0853533E-4,0.0,1.1567424E-4,0.022316525,0.0,0.0,656517.75
1537006092613,503772.6,420770.62,7.983032,117.08318,77.0,10.0,5.7991786E-4,5.7622397E-5,9.1017944E-5,0.0,1.1571097E-4,0.012396648,0.0,0.0,656327.6
1537006092629,503690.47,420721.5,5.9810185,23.025547,77.0,10.0,5.7991786E-4,5.7622397E-5,9.104933E-5,0.0,1.1573071E-4,0.010704466,0.0,0.0,656285.5
1537006092647,503580.47,420585.62,9.712219,197.79465,77.0,10.0,5.7991786E-4,5.7622397E-5,9.1147216E-5,0.0,1.15775685E-4,0.009064778,0.0,0.0,656113.94
1537006092663,503627.6,420403.62,11.750127,172.47873,77.0,10.0,5.7991786E-4,5.7622397E-5,1.09006935E-4,0.0,1.1582137E-4,0.008430637,0.0,0.0,656033.5
1537006092680,503666.34,420252.62,9.170164,180.6177,77.0,10.0,5.7991786E-4,5.7622397E-5,1.09185356E-4,0.0,1.1586042E-4,0.007949458,0.0,0.0,655932.0
1537006092697,503683.97,420066.88,10.975548,161.55775,77.0,10.0,5.7991786E-4,5.7622397E-5,1.0936302E-4,0.0,1.15912E-4,0.0074464437,0.0,0.0,655820.94
1537006092713,503620.47,419897.75,11.290814,238.14226,77.0,10.0,5.7991786E-4,5.7622397E-5,1.0953865E-4,0.0,1.1596571E-4,0.007067203,0.0,0.0,655703.94
1537006092730,503504.8,419753.12,10.89312,104.02554,77.0,10.0,5.7991786E-4,5.7622397E-5,1.09679335E-4,0.0,1.1601631E-4,0.0068050595,0.0,0.0,655474.75
1537006092747,503448.06,419656.62,6.5852966,164.71088,77.0,10.0,5.7991786E-4,5.7622397E-5,1.0978761E-4,0.0,1.1604886E-4,0.0066769067,0.0,0.0,655360.4
1537006092763,503383.94,419479.75,11.75877,148.09712,77.0,10.0,5.7991786E-4,5.7622397E-5,1.0998732E-4,0.0,1.1610649E-4,0.0065108035,0.0,0.0,655207.0
1537006092780,503366.94,419357.25,7.274939,106.756485,77.0,10.0,5.7991786E-4,5.7622397E-5,1.1014762E-4,0.0,1.1614526E-4,0.0064345347,0.0,0.0,655122.44
1537006092797,503367.56,419173.0,10.838297,209.22334,77.0,10.0,5.7991786E-4,5.7622397E-5,1.1036199E-4,0.0,1.16203046E-4,0.006362655,0.0,0.0,655045.75
1537006092813,503375.56,419056.25,7.3139853,117.51609,77.0,10.0,5.7991786E-4,5.7622397E-5,9.959894E-5,0.0,1.16239884E-4,0.006339617,0.0,0.0,654944.06
1537006092830,503393.3,418869.0,6.883751,276.15002,77.0,10.0,5.7991786E-4,5.7622397E-5,1.10816276E-4,0.0,1.1629988E-4,0.006337767,0.0,0.0,654835.94
1537006092847,503401.7,418747.38,6.883751,168.2808,77.0,10.0,5.7991786E-4,5.7622397E-5,1.1095114E-4,0.0,1.16339754E-4,0.006362253,0.0,0.0,654799.7
1537006092863,503398.06,418563.0,11.525664,330.03384,77.0,10.0,5.7991786E-4,5.7622397E-5,1.1118593E-4,0.0,1.16402145E-4,0.0063636997,0.0,0.0,654679.0
1537006092880,503380.44,418452.38,10.847684,236.53671,77.0,10.0,5.7991786E-4,5.7622397E-5,1.1136935E-4,0.0,1.16440926E-4,0.006465811,0.0,0.0,654546.4
1537006092897,503333.2,418273.62,10.875853,388.3904,77.0,10.0,5.7991786E-4,5.7622397E-5,1.11651396E-4,0.0,1.1650524E-4,0.0067452234,0.0,0.0,654388.6
1537006092989,503003.25,417492.5,9.216821,569.5644,77.0,10.0,5.7991786E-4,5.7622397E-5,1.1293244E-4,0.0,1.1680126E-4,0.011595626,0.0,0.0,653691.25
1537006092993,503003.25,417492.5,0.0,0.0,77.0,10.0,5.7991786E-4,5.7622397E-5,1.12951E-4,0.0,1.1680126E-4,0.011595626,0.0,0.0,653628.7
1537006092997,502956.75,417450.62,15.64402,62.57608,77.0,10.0,5.7991786E-4,5.7622397E-5,1.1301407E-4,0.0,1.16818366E-4,0.011820149,0.0,0.0,653566.4
1537006093013,502836.0,417354.5,9.646198,91.95719,77.0,10.0,5.7991786E-4,5.7622397E-5,1.13199305E-4,0.0,1.16857926E-4,0.010813873,0.0,0.0,653427.3
1537006093030,502731.97,417283.0,7.425466,34.41635,77.0,10.0,5.7991786E-4,5.7622397E-5,1.1339887E-4,0.0,1.16887604E-4,0.009510139,0.0,0.0,653352.7
1537006093046,502747.22,417274.38,1.0950049,45.8498,77.0,10.0,5.7991786E-4,5.7622397E-5,1.1342443E-4,0.0,1.16890544E-4,0.009407505,0.0,0.0,653354.94
1537006093063,502749.97,417267.62,0.42874646,44.98994,76.0,10.0,5.7991786E-4,5.7622397E-5,1.1347305E-4,0.0,1.1689305E-4,0.00930977,0.0,0.0,653354.8
1537006093080,502757.22,417315.5,2.848285,80.33621,76.0,10.0,5.7991786E-4,5.7622397E-5,1.1341019E-4,0.0,1.1687466E-4,0.010139938,0.0,0.0,653412.6
1537006093101,502782.1,417459.62,6.9645653,84.549965,76.0,10.0,5.7991786E-4,5.7622397E-5,1.1330366E-4,0.0,1.1681969E-4,0.015304829,0.0,0.0,653584.44
1537006093133,502821.25,417544.5,2.9209938,63.937744,76.0,10.0,5.7991786E-4,5.7622397E-5,1.1313955E-4,0.0,1.1678697E-4,0.024382744,0.0,0.0,653596.7
1537006093159,502838.25,417556.88,0.80873615,47.555763,76.0,10.0,5.7991786E-4,5.7622397E-5,1.1320022E-4,0.0,1.16781885E-4,0.025116665,0.0,0.0,653605.44
1537006093163,502838.25,417556.88,0.0,0.0,76.0,10.0,5.7991786E-4,5.7622397E-5,1.1321223E-4,0.0,1.16781885E-4,0.025116665,0.0,0.0,653605.44
1537006093180,502838.25,417556.88,0.0,0.0,75.0,10.0,5.7991786E-4,5.7622397E-5,9.452563E-5,0.0,1.16781885E-4,0.025116665,0.0,0.0,653605.44
1537006093196,502838.25,417556.88,0.0,0.0,75.0,10.0,5.7991786E-4,5.7622397E-5,1.1320715E-4,0.0,1.16781885E-4,0.052377697,0.0,0.0,653605.44
1537006093213,502838.25,417556.88,0.0,0.0,75.0,10.0,5.7991786E-4,5.7622397E-5,1.1312241E-4,0.0,1.16781885E-4,0.052377697,0.0,0.0,653605.44
1537006093229,502838.25,417556.88,0.0,0.0,74.0,10.0,5.7991786E-4,5.7622397E-5,1.1307394E-4,0.0,1.16781885E-4,0.052377697,0.0,0.0,653605.44
1537006093246,502838.25,417556.88,0.0,0.0,74.0,10.0,5.7991786E-4,5.7622397E-5,1.1305867E-4,0.0,1.16781885E-4,0.052377697,0.0,0.0,653605.44
1537006093263,502838.25,417556.88,0.0,0.0,73.0,10.0,5.7991786E-4,5.7622397E-5,1.1296983E-4,0.0,1.16781885E-4,0.052377697,0.0,0.0,653605.44
1537006093279,502838.25,417556.88,0.0,0.0,73.0,10.0,5.7991786E-4,5.7622397E-5,1.1306798E-4,0.0,1.16781885E-4,0.052377697,0.0,0.0,653605.44
1537006093296,502833.12,417560.75,0.37794405,6.425049,73.0,10.0,5.7991786E-4,5.7622397E-5,1.13126356E-4,0.0,1.1678059E-4,0.058345243,0.0,0.0,653603.94
1537006093313,502804.6,417557.5,1.6891623,24.466675,73.0,10.0,5.7991786E-4,5.7622397E-5,1.1315086E-4,0.0,1.167826E-4,0.07790816,0.0,0.0,653556.9
1537006093329,502723.47,417523.62,5.494593,63.616165,73.0,10.0,5.7991786E-4,5.7622397E-5,1.131869E-4,0.0,1.1679737E-4,0.032254998,0.0,0.0,653411.5
1537006093346,502629.22,417432.0,7.7321515,74.45332,73.0,10.0,5.7991786E-4,5.7622397E-5,1.13281334E-4,0.0,1.1683386E-4,0.01658859,0.0,0.0,653320.75
1537006093363,502548.7,417360.0,6.3543797,44.57315,73.0,10.0,5.7991786E-4,5.7622397E-5,1.133489E-4,0.0,1.1686267E-4,0.012610629,0.0,0.0,653242.3
1537006093380,502516.44,417356.25,1.9098407,12.225102,73.0,10.0,5.7991786E-4,5.7622397E-5,1.1329854E-4,0.0,1.1686479E-4,0.011996153,0.0,0.0,653149.06
1537006093397,502420.56,417345.5,5.6750464,108.54794,73.0,10.0,5.7991786E-4,5.7622397E-5,1.1334781E-4,0.0,1.16870855E-4,0.010518688,0.0,0.0,653149.06
1537006093413,502365.06,417423.0,5.957696,105.414215,73.0,10.0,5.7991786E-4,5.7622397E-5,1.13264556E-4,0.0,1.1684323E-4,0.01038284,0.0,0.0,653153.06
1537006093430,502221.28,417456.75,8.687602,204.27621,73.0,10.0,5.7991786E-4,5.7622397E-5,1.1319702E-4,0.0,1.1683382E-4,0.0090041105,0.0,0.0,653022.4
1537006093447,502104.78,417430.88,7.019933,85.61164,73.0,10.0,5.7991786E-4,5.7622397E-5,1.1320691E-4,0.0,1.1684559E-4,0.008123082,0.0,0.0,652944.06
1537006093463,502078.78,417425.25,1.6625947,111.92014,73.0,10.0,5.7991786E-4,5.7622397E-5,1.1318445E-4,0.0,1.1684814E-4,0.0079644285,0.0,0.0,652939.5
1537006093480,502058.5,417457.12,2.2223656,109.8932,73.0,10.0,5.7991786E-4,5.7622397E-5,1.1312668E-4,0.0,1.1683689E-4,0.007904711,0.0,0.0,652941.94
1537006093497,502043.75,417474.88,1.3575689,112.4859,73.0,10.0,5.7991786E-4,5.7622397E-5,1.1311469E-4,0.0,1.1683071E-4,0.007850411,0.0,0.0,652941.56
1537006093513,502018.62,417502.0,2.3108366,108.668434,73.0,10.0,5.7991786E-4,5.7622397E-5,1.1308592E-4,0.0,1.16821364E-4,0.007752689,0.0,0.0,652938.8
1537006093530,501989.75,417515.25,1.8688191,122.65717,73.0,10.0,5.7991786E-4,5.7622397E-5,1.13080845E-4,0.0,1.16817144E-4,0.00762494,0.0,0.0,652912.75
1537006093546,501981.0,417492.38,1.5307118,104.06165,73.0,10.0,5.7991786E-4,5.7622397E-5,1.1313827E-4,0.0,1.1682558E-4,0.0075622923,0.0,0.0,652901.8
1537006093563,501979.0,417473.25,1.1311347,114.949036,73.0,10.0,5.7991786E-4,5.7622397E-5,1.1314243E-4,0.0,1.16832525E-4,0.0075330287,0.0,0.0,652891.1
1537006093580,501974.62,417458.62,0.8979624,103.86921,73.0,10.0,5.7991786E-4,5.7622397E-5,1.131541E-4,0.0,1.168379E-4,0.0074969744,0.0,0.0,652878.44
1537006093596,502004.75,417439.25,0.95408505,91.266266,73.0,10.0,5.7991786E-4,5.7622397E-5,1.13185386E-4,0.0,1.1684438E-4,0.0076098763,0.0,0.0,652874.9
1537006093613,502011.62,417408.62,1.8463058,78.04846,73.0,10.0,5.7991786E-4,5.7622397E-5,1.1318169E-4,0.0,1.1685542E-4,0.0075980728,0.0,0.0,652865.44
1537006093630,502005.62,417339.62,4.0741396,129.18034,73.0,10.0,5.7991786E-4,5.7622397E-5,1.13249334E-4,0.0,1.168808E-4,0.0074574873,0.0,0.0,652826.1
1537006093647,501973.62,417352.12,2.0208685,125.20708,73.0,10.0,5.7991786E-4,5.7622397E-5,9.4076175E-5,0.0,1.1687674E-4,0.0073455013,0.0,0.0,652809.56
1537006093664,501977.12,417371.62,1.1653891,105.75473,73.0,10.0,5.7991786E-4,5.7622397E-5,1.132742E-4,0.0,1.16869545E-4,0.0073902463,0.0,0.0,652824.75
1537006093680,501982.75,417410.25,2.4395275,143.96278,73.0,10.0,5.7991786E-4,5.7622397E-5,1.1329862E-4,0.0,1.16855335E-4,0.0074708043,0.0,0.0,652868.1
1537006093697,501983.38,417462.25,3.0590446,95.72854,73.0,10.0,5.7991786E-4,5.7622397E-5,1.13357855E-4,0.0,1.16836425E-4,0.007540342,0.0,0.0,652897.06
1537006093714,501981.0,417493.5,1.8435365,123.38013,73.0,10.0,5.7991786E-4,5.7622397E-5,1.1346138E-4,0.0,1.1682516E-4,0.0075634257,0.0,0.0,652905.6
1537006093730,501975.5,417494.5,0.34938562,124.45193,73.0,10.0,5.7991786E-4,5.7622397E-5,1.1351837E-4,0.0,1.168249E-4,0.0075393845,0.0,0.0,652902.06
1537006093746,501957.5,417496.0,1.1288995,120.148476,73.0,10.0,5.7991786E-4,5.7622397E-5,9.41828E-5,0.0,1.16824696E-4,0.0074610137,0.0,0.0,652889.1
1537006093763,501912.75,417497.25,2.6333797,137.19568,73.0,10.0,5.7991786E-4,5.7622397E-5,1.1349623E-4,0.0,1.1682505E-4,0.0072768806,0.0,0.0,652837.7
1537006093780,501824.38,417498.75,5.199278,117.43276,73.0,10.0,5.7991786E-4,5.7622397E-5,1.1344593E-4,0.0,1.1682607E-4,0.006959346,0.0,0.0,652764.44
1537006093796,501739.22,417488.0,5.3645062,146.0248,73.0,10.0,5.7991786E-4,5.7622397E-5,1.133853E-4,0.0,1.1683134E-4,0.006692457,0.0,0.0,652683.4
1537006093813,501611.1,417407.38,8.904803,73.502235,73.0,10.0,5.7991786E-4,5.7622397E-5,1.1337867E-4,0.0,1.1686216E-4,0.00631599,0.0,0.0,652566.2
1537006093830,501503.8,417381.38,6.4933467,88.59531,73.0,10.0,5.7991786E-4,5.7622397E-5,1.132259E-4,0.0,1.16872885E-4,0.006078972,0.0,0.0,652303.75
1537006093846,501320.8,417345.88,11.65072,137.57635,73.0,10.0,5.7991786E-4,5.7622397E-5,1.1316221E-4,0.0,1.1688761E-4,0.0057517285,0.0,0.0,652259.2
1537006093863,501091.4,417303.5,13.722771,125.47143,73.0,10.0,5.7991786E-4,5.7622397E-5,9.2668175E-5,0.0,1.1690465E-4,0.005430159,0.0,0.0,652047.25
1537006093880,500911.5,417270.25,10.761944,95.02247,73.0,10.0,5.7991786E-4,5.7622397E-5,1.130722E-4,0.0,1.16917494E-4,0.0052246237,0.0,0.0,651888.1
1537006093896,500705.72,417231.38,13.088818,149.52641,73.0,10.0,5.7991786E-4,5.7622397E-5,1.1299654E-4,0.0,1.1693193E-4,0.005024783,0.0,0.0,651735.44
1537006093913,500620.47,417218.0,5.076049,81.11292,73.0,10.0,5.7991786E-4,5.7622397E-5,1.1298581E-4,0.0,1.1693676E-4,0.0049518957,0.0,0.0,651683.75
1537006093930,500489.06,417194.12,7.856326,194.2397,73.0,10.0,5.7991786E-4,5.7622397E-5,1.1300404E-4,0.0,1.1694517E-4,0.0048463903,0.0,0.0,651518.2
1537006093946,500314.3,417166.0,11.062426,67.86901,73.0,10.0,5.7991786E-4,5.7622397E-5,1.1301377E-4,0.0,1.1695471E-4,0.004720526,0.0,0.0,651316.8
1537006093963,500129.9,417159.62,10.411695,193.37543,73.0,10.0,5.7991786E-4,5.7622397E-5,1.1297674E-4,0.0,1.16956246E-4,0.004608989,0.0,0.0,651269.56
1537006094054,499530.2,417127.25,6.5999117,423.11496,73.0,10.0,5.7991786E-4,5.7622397E-5,1.1287609E-4,0.0,1.1696268E-4,0.004304646,0.0,0.0,650783.6
1537006094058,499521.94,417129.62,2.1462631,414.67422,73.0,10.0,5.7991786E-4,5.7622397E-5,1.1288484E-4,0.0,1.16961775E-4,0.0043017953,0.0,0.0,650783.6
1537006094063,499505.44,417138.12,3.7121422,431.9598,73.0,10.0,5.7991786E-4,5.7622397E-5,1.1289153E-4,0.0,1.1695873E-4,0.0042972034,0.0,0.0,650776.4
1537006094080,499477.94,417135.25,1.6264633,404.9891,73.0,10.0,5.7991786E-4,5.7622397E-5,1.129274E-4,0.0,1.1695939E-4,0.004284704,0.0,0.0,650741.0
1537006094096,499409.8,417133.0,4.260134,472.42078,73.0,10.0,5.7991786E-4,5.7622397E-5,1.1290802E-4,0.0,1.1695936E-4,0.0042556664,0.0,0.0,650674.1
1537006094113,499298.44,417110.88,6.6794906,365.42758,73.0,10.0,5.7991786E-4,5.7622397E-5,1.1286002E-4,0.0,1.1696536E-4,0.0042046383,0.0,0.0,650600.06
1537006094131,499204.9,417120.88,5.225795,459.20477,73.0,10.0,5.7991786E-4,5.7622397E-5,1.2256058E-4,0.0,1.1696073E-4,0.0041710185,0.0,0.0,650327.2
1537006094194,498762.47,417326.5,7.74422,125.49705,73.0,10.0,5.7991786E-4,5.7622397E-5,1.2215979E-4,0.0,1.1688734E-4,0.004062134,0.0,0.0,650368.5
1537006094199,498770.47,417381.38,11.091016,70.26952,73.0,10.0,5.7991786E-4,5.7622397E-5,1.2207283E-4,0.0,1.1687007E-4,0.0040779808,0.0,0.0,650394.06
1537006094214,498751.6,417471.38,6.1305304,161.17241,73.0,10.0,5.7991786E-4,5.7622397E-5,1.2192012E-4,0.0,1.1684155E-4,0.00409266,0.0,0.0,650427.06
1537006094230,498731.6,417604.38,8.405959,27.391565,73.0,10.0,5.7991786E-4,5.7622397E-5,1.2171102E-4,0.0,1.1680013E-4,0.0041166926,0.0,0.0,650556.4
1537006094247,498755.72,417763.25,9.452721,188.05972,73.0,10.0,5.7991786E-4,5.7622397E-5,1.2149406E-4,0.0,1.1675206E-4,0.0041622347,0.0,0.0,650614.3
1537006094264,498796.38,417755.12,2.438834,194.73604,73.0,10.0,5.7991786E-4,5.7622397E-5,1.2148698E-4,0.0,1.1675485E-4,0.004175292,0.0,0.0,650628.25
1537006094279,498869.62,417733.62,5.0893407,182.70964,73.0,10.0,5.7991786E-4,5.7622397E-5,1.21504796E-4,0.0,1.1676192E-4,0.004197547,0.0,0.0,650670.6
1537006094296,499001.12,417711.12,7.8477073,208.1023,72.0,10.0,5.7991786E-4,5.7622397E-5,1.2154202E-4,0.0,1.1676975E-4,0.004242505,0.0,0.0,650777.1
1537006094313,499104.4,417666.12,6.6269913,153.47176,72.0,10.0,5.7991786E-4,5.7622397E-5,1.21632256E-4,0.0,1.1678432E-4,0.0042722546,0.0,0.0,650817.2
1537006094329,499131.9,417659.0,1.7755013,157.42041,72.0,10.0,5.7991786E-4,5.7622397E-5,1.21675905E-4,0.0,1.16786716E-4,0.004281532,0.0,0.0,650823.9
1537006094346,499145.28,417659.38,0.78707385,158.68018,72.0,10.0,5.7991786E-4,5.7622397E-5,1.2180802E-4,0.0,1.1678669E-4,0.0042870333,0.0,0.0,650834.4
1537006094363,499185.03,417643.12,2.5260751,175.46075,72.0,10.0,5.7991786E-4,5.7622397E-5,1.21928926E-4,0.0,1.16792E-4,0.0042991424,0.0,0.0,650849.75
1537006094379,499199.78,417601.25,2.7748015,132.35762,72.0,10.0,5.7991786E-4,5.7622397E-5,1.0818849E-4,0.0,1.1680521E-4,0.0042945696,0.0,0.0,650824.0
1537006094396,499218.16,417489.38,6.669057,245.4046,72.0,10.0,5.7991786E-4,5.7622397E-5,1.129838E-4,0.0,1.16840776E-4,0.0042733746,0.0,0.0,650767.5
1537006094413,499226.28,417435.75,3.190414,191.23291,72.0,10.0,5.7991786E-4,5.7622397E-5,1.2205752E-4,0.0,1.1685801E-4,0.00426275,0.0,0.0,650753.0
1537006094429,499226.28,417435.75,0.0,0.0,72.0,10.0,5.7991786E-4,5.7622397E-5,1.2201527E-4,0.0,1.1685801E-4,0.00426275,0.0,0.0,650753.0
1537006094446,499226.28,417435.75,0.0,0.0,72.0,10.0,5.7991786E-4,5.7622397E-5,1.2204531E-4,0.0,1.1685801E-4,0.00426275,0.0,0.0,650754.5
1537006094463,499231.66,417440.62,0.42685074,7.2564626,72.0,10.0,5.7991786E-4,5.7622397E-5,1.1213278E-4,0.0,1.1685649E-4,0.0042661983,0.0,0.0,650765.7
1537006094479,499223.53,417476.25,2.283737,33.58292,72.0,10.0,5.7991786E-4,5.7622397E-5,1.1208E-4,0.0,1.16844996E-4,0.0042721606,0.0,0.0,650776.9
1537006094496,499198.53,417525.12,3.2292807,21.465452,72.0,10.0,5.7991786E-4,5.7622397E-5,1.12012385E-4,0.0,1.16829244E-4,0.004274611,0.0,0.0,650808.6
1537006094513,499214.16,417633.38,6.4336386,94.11845,72.0,10.0,5.7991786E-4,5.7622397E-5,1.119215E-4,0.0,1.1679523E-4,0.004308654,0.0,0.0,650902.94
1537006094529,499217.4,417772.75,8.713305,54.731876,72.0,10.0,5.7991786E-4,5.7622397E-5,1.1183185E-4,0.0,1.1675194E-4,0.0043451786,0.0,0.0,651016.4
1537006094546,499199.28,417915.38,8.45718,93.55187,72.0,10.0,5.7991786E-4,5.7622397E-5,1.1169614E-4,0.0,1.1670834E-4,0.004372965,0.0,0.0,651060.1
1537006094563,499181.28,418007.5,5.521589,23.782871,72.0,10.0,5.7991786E-4,5.7622397E-5,1.1162826E-4,0.0,1.1668063E-4,0.0043879137,0.0,0.0,651085.44
1537006094579,499168.16,418051.0,2.839809,45.994057,72.0,10.0,5.7991786E-4,5.7622397E-5,1.1166377E-4,0.0,1.1666768E-4,0.004392927,0.0,0.0,651105.5
1537006094596,499129.9,418118.12,4.5445995,53.753197,72.0,10.0,5.7991786E-4,5.7622397E-5,1.1166445E-4,0.0,1.1664789E-4,0.004392974,0.0,0.0,651133.7
1537006094613,499108.9,418198.25,4.5445995,64.12549,72.0,10.0,5.7991786E-4,5.7622397E-5,1.1161501E-4,0.0,1.1662451E-4,0.0044033,0.0,0.0,651152.44
1537006094629,499084.4,418286.88,5.74682,60.798077,72.0,10.0,5.7991786E-4,5.7622397E-5,1.11577305E-4,0.0,1.1659903E-4,0.0044140397,0.0,0.0,651190.56
1537006094646,499073.16,418382.88,5.685702,77.02293,72.0,10.0,5.7991786E-4,5.7622397E-5,1.1150651E-4,0.0,1.1657173E-4,0.0044319658,0.0,0.0,651274.2
1537006094663,499171.4,418422.38,6.228996,62.609154,72.0,10.0,5.7991786E-4,5.7622397E-5,1.1144829E-4,0.0,1.16560055E-4,0.004483381,0.0,0.0,651360.25
1537006094679,499268.16,418376.5,6.692194,44.499474,72.0,10.0,5.7991786E-4,5.7622397E-5,1.1149605E-4,0.0,1.16572504E-4,0.0045149378,0.0,0.0,651389.0
1537006094696,499410.3,418363.5,8.397025,102.787254,72.0,10.0,5.7991786E-4,5.7622397E-5,1.11495196E-4,0.0,1.1657528E-4,0.0045763836,0.0,0.0,651527.3
1537006094787,499605.84,418806.12,1.5686749,445.19702,72.0,10.0,5.7991786E-4,5.7622397E-5,1.1085113E-4,0.0,1.16448224E-4,0.004777993,0.0,0.0,651956.7
1537006094791,499605.84,418857.38,35.687355,395.22275,72.0,10.0,5.7991786E-4,5.7622397E-5,1.1078934E-4,0.0,1.1643417E-4,0.004790575,0.0,0.0,651956.7
1537006094796,499605.84,418908.38,28.549885,444.95255,72.0,10.0,5.7991786E-4,5.7622397E-5,1.1072525E-4,0.0,1.1642028E-4,0.0048031467,0.0,0.0,651989.44
1537006094813,499605.84,418954.0,2.6838236,400.44882,71.0,10.0,5.7991786E-4,5.7622397E-5,1.1064915E-4,0.0,1.16407944E-4,0.004814447,0.0,0.0,652051.7
1537006094829,499605.72,419047.38,5.8359427,491.72556,71.0,10.0,5.7991786E-4,5.7622397E-5,1.1050018E-4,0.0,1.1638294E-4,0.004837705,0.0,0.0,652111.25
1537006094847,499624.72,419190.25,8.007379,347.9332,71.0,10.0,5.7991786E-4,5.7622397E-5,1.10257366E-4,0.0,1.16344876E-4,0.0048834453,0.0,0.0,652219.44
1537006094863,499626.1,419289.88,9.008301,446.01874,71.0,10.0,5.7991786E-4,5.7622397E-5,1.10087516E-4,0.0,1.1631901E-4,0.004910048,0.0,0.0,652273.9
1537006094880,499620.84,419425.0,7.954526,314.96112,71.0,10.0,5.7991786E-4,5.7622397E-5,1.0984928E-4,0.0,1.1628472E-4,0.0049435357,0.0,0.0,652360.1
1537006094897,499637.1,419559.12,7.9474,449.1686,71.0,10.0,5.7991786E-4,5.7622397E-5,1.096397E-4,0.0,1.1625076E-4,0.004988825,0.0,0.0,652431.7
1537006094913,499636.47,419665.62,6.6563644,346.10535,71.0,10.0,5.7991786E-4,5.7622397E-5,1.0946514E-4,0.0,1.1622462E-4,0.0069507384,0.0,0.0,652546.94
1537006094930,499618.47,419812.38,8.697046,485.40875,71.0,10.0,5.7991786E-4,5.7622397E-5,1.0927741E-4,0.0,1.1618983E-4,0.0066764485,0.0,0.0,652580.3
1537006094947,499641.84,419977.0,9.780953,319.20065,71.0,10.0,5.7991786E-4,5.7622397E-5,9.6677555E-5,0.0,1.1615036E-4,0.00642129,0.0,0.0,652704.1
1537006094963,499670.84,420086.12,7.05704,431.82333,71.0,10.0,5.7991786E-4,5.7622397E-5,1.09014385E-4,0.0,1.16124196E-4,0.006310564,0.0,0.0,652832.44
1537006094980,499713.72,420209.75,7.696987,302.69553,71.0,10.0,5.7991786E-4,5.7622397E-5,1.0890765E-4,0.0,1.1609456E-4,0.006230968,0.0,0.0,652949.0
1537006094997,499749.1,420301.88,5.804904,399.46497,71.0,10.0,5.7991786E-4,5.7622397E-5,1.1881958E-4,0.0,1.16072595E-4,0.006196887,0.0,0.0,653036.1
1537006095013,499785.6,420395.75,6.295077,300.80725,71.0,10.0,5.7991786E-4,5.7622397E-5,1.1873264E-4,0.0,1.160504E-4,0.0061794976,0.0,0.0,653083.6
1537006095030,499850.25,420562.12,10.499805,476.24298,71.0,10.0,5.7991786E-4,5.7622397E-5,1.1860242E-4,0.0,1.1601159E-4,0.0061826506,0.0,0.0,653303.7
1537006095046,499919.0,420741.0,11.977001,287.87552,71.0,10.0,5.7991786E-4,5.7622397E-5,1.1848469E-4,0.0,1.15970615E-4,0.006225176,0.0,0.0,653408.0
1537006095063,499960.38,420857.62,7.279226,409.6736,71.0,10.0,5.7991786E-4,5.7622397E-5,1.1844201E-4,0.0,1.1594448E-4,0.0062706624,0.0,0.0,653555.56
1537006095080,500023.25,420988.38,8.534244,271.81195,71.0,10.0,5.7991786E-4,5.7622397E-5,1.18407224E-4,0.0,1.1591471E-4,0.0063479673,0.0,0.0,653689.0
1537006095096,500100.53,421111.12,9.065722,404.87714,71.0,10.0,5.7991786E-4,5.7622397E-5,1.18431104E-4,0.0,1.1588606E-4,0.0064502098,0.0,0.0,653837.56
1537006095113,500167.16,421214.5,8.532445,291.91577,71.0,10.0,5.7991786E-4,5.7622397E-5,1.1832447E-4,0.0,1.15862014E-4,0.0065543232,0.0,0.0,653957.44
1537006095130,500226.28,421312.88,8.532445,398.3405,71.0,10.0,5.7991786E-4,5.7622397E-5,1.1828055E-4,0.0,1.15839524E-4,0.00666725,0.0,0.0,654011.4
1537006095146,500281.9,421424.62,7.8017936,278.94592,71.0,10.0,5.7991786E-4,5.7622397E-5,1.1818784E-4,0.0,1.15814866E-4,0.006810795,0.0,0.0,654179.25
1537006095163,500354.56,421599.62,11.146078,463.7799,71.0,10.0,5.7991786E-4,5.7622397E-5,1.1804038E-4,0.0,1.1577766E-4,0.0070874803,0.0,0.0,654885.7
1537006095223,500775.22,422111.25,11.03922,323.90277,71.0,10.0,5.7991786E-4,5.7622397E-5,1.17572745E-4,0.0,1.156572E-4,0.008298213,0.0,0.0,655007.0
1537006095230,500820.38,422153.0,8.785598,273.841,71.0,10.0,5.7991786E-4,5.7622397E-5,1.175155E-4,0.0,1.156466E-4,0.008319055,0.0,0.0,655069.3
1537006095247,500911.12,422285.38,9.440893,393.6766,71.0,10.0,5.7991786E-4,5.7622397E-5,1.1736053E-4,0.0,1.1561716E-4,0.008393185,0.0,0.0,655185.1
1537006095263,500893.0,422302.38,1.5531163,404.59753,71.0,10.0,5.7991786E-4,5.7622397E-5,1.1728334E-4,0.0,1.1561576E-4,0.008465615,0.0,0.0,655158.8
1537006095280,500821.12,422297.62,4.2371635,335.694,71.0,10.0,5.7991786E-4,5.7622397E-5,1.17169235E-4,0.0,1.1562225E-4,0.008673954,0.0,0.0,655100.8
1537006095297,500721.47,422312.0,5.922805,425.42664,71.0,10.0,5.7991786E-4,5.7622397E-5,1.16993186E-4,0.0,1.15627714E-4,0.009177528,0.0,0.0,654993.75
1537006095314,500591.72,422369.62,8.351222,328.4424,71.0,10.0,5.7991786E-4,5.7622397E-5,1.168043E-4,0.0,1.1562856E-4,0.010836324,0.0,0.0,654908.3
1537006095330,500442.3,422411.62,9.699836,448.65207,71.0,10.0,5.7991786E-4,5.7622397E-5,1.1663985E-4,0.0,1.15633535E-4,0.020132143,0.0,0.0,654874.75
1537006095346,500383.3,422464.25,4.941213,412.87253,71.0,10.0,5.7991786E-4,5.7622397E-5,1.16567004E-4,0.0,1.1562998E-4,0.12298009,0.0,0.0,654883.06
1537006095363,500286.9,422623.75,10.963041,467.54172,71.0,10.0,5.7991786E-4,5.7622397E-5,1.16435665E-4,0.0,1.1561368E-4,0.011351797,0.0,0.0,654902.9
1537006095379,500217.4,422706.38,6.748015,411.16605,71.0,10.0,5.7991786E-4,5.7622397E-5,1.1636165E-4,0.0,1.156073E-4,0.009498558,0.0,0.0,654903.1
1537006095396,500245.16,422815.12,6.6020403,369.76776,71.0,10.0,5.7991786E-4,5.7622397E-5,1.1630934E-4,0.0,1.1558981E-4,0.008846982,0.0,0.0,655075.6
1537006095413,500303.4,422921.75,7.146987,440.21927,71.0,10.0,5.7991786E-4,5.7622397E-5,1.1624801E-4,0.0,1.1557037E-4,0.008474555,0.0,0.0,655127.25
1537006095509,500289.78,422912.25,0.17302036,455.72897,70.0,10.0,0.0,0.0,1.16295E-4,0.0,1.1557281E-4,0.008486236,0.0,0.0,655091.3
1537006095513,500275.78,422891.0,6.361812,437.25244,70.0,10.0,0.0,0.0,1.1632047E-4,0.0,1.1557686E-4,0.0085460385,0.0,0.0,655030.3
1537006095529,500231.53,422823.75,5.0313954,497.78336,70.0,10.0,0.0,0.0,1.163853E-4,0.0,1.1558972E-4,0.008751727,0.0,0.0,654989.7
1537006095546,500227.9,422818.12,0.39363995,492.57367,70.0,10.0,0.0,0.0,1.16451534E-4,0.0,1.15590796E-4,0.008769656,0.0,0.0,654983.3
1537006095563,500227.9,422818.12,0.39363995,0.0,70.0,10.0,0.0,0.0,1.16492105E-4,0.0,1.15590796E-4,0.008769656,0.0,0.0,654983.3
1537006095579,500227.9,422818.12,0.41824245,0.0,70.0,10.0,0.0,0.0,9.740976E-5,0.0,1.15590796E-4,0.008769656,0.0,0.0,654983.3
1537006095596,500227.9,422818.12,0.39363995,0.0,70.0,10.0,0.0,0.0,1.1638047E-4,0.0,1.15590796E-4,0.008769656,0.0,0.0,654983.3
1537006095613,500227.9,422818.12,0.0,0.0,70.0,10.0,0.0,0.0,1.16328214E-4,0.0,1.15590796E-4,0.0084947245,0.0,0.0,654983.3
1537006095629,500227.9,422818.12,0.0,0.0,70.0,10.0,0.0,0.0,1.1633517E-4,0.0,1.15590796E-4,0.0084947245,0.0,0.0,654983.3
1537006095647,500227.9,422818.12,0.0,0.0,70.0,10.0,0.0,0.0,1.1626961E-4,0.0,1.15590796E-4,0.0084947245,0.0,0.0,654983.3
1537006095663,500227.9,422818.12,0.0,0.0,70.0,10.0,0.0,0.0,1.1615844E-4,0.0,1.15590796E-4,0.0084947245,0.0,0.0,654983.3
1537006095680,500227.9,422818.12,0.0,0.0,70.0,10.0,0.0,0.0,1.1608845E-4,0.0,1.15590796E-4,0.0084947245,0.0,0.0,654983.3
1537006095697,500227.9,422818.12,0.0,0.0,70.0,10.0,0.0,0.0,1.1601215E-4,0.0,1.15590796E-4,0.0084947245,0.0,0.0,654983.3
1537006095713,500227.9,422818.12,0.0,0.0,70.0,10.0,0.0,0.0,9.728299E-5,0.0,1.15590796E-4,0.0084947245,0.0,0.0,654983.3
1537006095730,500227.9,422818.12,0.0,0.0,70.0,10.0,0.0,0.0,1.1587659E-4,0.0,1.15590796E-4,0.0084947245,0.0,0.0,654983.3
1537006095747,500227.9,422818.12,0.0,0.0,70.0,10.0,0.0,0.0,1.1589844E-4,0.0,1.15590796E-4,0.0084947245,0.0,0.0,654983.3
1537006095763,500227.9,422818.12,0.0,0.0,70.0,10.0,0.0,0.0,1.0549933E-4,0.0,1.15590796E-4,0.0084947245,0.0,0.0,654983.3
1537006095780,500227.9,422818.12,0.0,0.0,70.0,10.0,0.0,0.0,1.1598289E-4,0.0,1.15590796E-4,0.0084947245,0.0,0.0,654983.3
1537006095797,500227.9,422818.12,0.0,0.0,70.0,10.0,0.0,0.0,1.1603635E-4,0.0,1.15590796E-4,0.0084947245,0.0,0.0,654983.3
1537006095813,500227.9,422818.12,0.0,0.0,70.0,10.0,0.0,0.0,1.16065305E-4,0.0,1.15590796E-4,0.0084947245,0.0,0.0,654983.3
1537006095830,500227.9,422818.12,0.0,0.0,70.0,10.0,0.0,0.0,1.16134055E-4,0.0,1.15590796E-4,0.0084947245,0.0,0.0,654983.3
1537006095847,500227.9,422818.12,0.0,0.0,70.0,10.0,0.0,0.0,1.16143274E-4,0.0,1.15590796E-4,0.0084947245,0.0,0.0,654983.3
1537006095864,500227.53,422823.25,0.30227652,5.138701,70.0,10.0,0.0,0.0,1.1614284E-4,0.0,1.1559012E-4,0.0084660705,0.0,0.0,654991.9
