1537006084602,670970.4,509753.12,5.482375E-7,632898.4,0.0,0.0,0.0,0.0,0.0,0.0,0.0,0.0,0.0,90.0
1537006084734,651103.06,492263.12,200.52304,645790.94,0.0,0.0,0.0,0.0,0.0,0.0,0.0,0.0,0.0,90.0
1537006084740,650072.44,491355.75,228.85689,645101.75,0.0,0.0,0.0,0.0,0.0,0.0,0.0,0.0,0.0,90.0
1537006084760,647072.3,488714.38,199.86002,647113.94,0.0,0.0,0.0,0.0,0.0,0.0,0.0,0.0,0.0,90.0
1537006084762,647072.3,488714.38,0.0,0.0,0.0,0.0,0.0,0.0,0.0,0.0,0.0,0.0,0.0,90.0
1537006084765,645999.3,487769.75,476.52042,1429.5613,0.0,0.0,0.0,0.0,0.0,0.0,0.0,0.0,0.0,90.0
1537006084779,644011.2,486019.38,189.20421,1219.2976,0.0,0.0,0.0,0.0,0.0,0.0,0.0,0.0,0.0,90.0
1537006084796,641367.1,483691.5,207.2231,2303.495,0.0,0.0,0.0,0.0,0.0,0.0,0.0,0.0,0.0,90.0
1537006084813,639304.56,481875.5,161.65259,444.59888,0.0,0.0,0.0,0.0,0.0,0.0,0.0,0.0,0.0,90.0
1537006084849,634207.3,477387.88,188.64514,6346.626,0.0,0.0,0.0,0.0,0.0,0.0,0.0,0.0,0.0,90.0
1537006084853,633294.1,476583.75,304.1924,5129.8564,0.0,0.0,0.0,0.0,0.0,0.0,0.0,0.0,0.0,90.0
1537006084862,633294.1,476583.75,0.0,0.0,0.0,0.0,0.0,0.0,0.0,0.0,0.0,0.0,0.0,90.0
1537006084879,630023.8,473704.62,256.2999,4357.098,0.0,0.0,0.0,0.0,0.0,0.0,0.0,0.0,0.0,90.0
1537006084896,627907.94,471842.0,165.81871,1538.1802,0.0,0.0,0.0,0.0,0.0,0.0,0.0,0.0,0.0,90.0
1537006084913,626734.25,470808.75,91.98217,3101.877,0.0,0.0,0.0,0.0,0.0,0.0,0.0,0.0,0.0,90.0
1537006084929,623573.6,468026.0,263.1929,1109.2094,0.0,0.0,0.0,0.0,0.0,0.0,0.0,0.0,0.0,90.0
1537006084946,621337.9,466057.88,175.21211,1869.3967,0.0,0.0,0.0,0.0,0.0,0.0,0.0,0.0,0.0,90.0
1537006084962,620249.25,465099.38,90.65359,418.93948,0.0,0.0,0.0,0.0,0.0,0.0,0.0,0.0,0.0,90.0
1537006084979,619124.06,464108.88,88.17914,1917.9849,0.0,0.0,0.0,0.0,0.0,0.0,0.0,0.0,0.0,90.0
1537006084996,617951.94,463076.88,91.86459,356.2869,0.0,0.0,0.0,0.0,0.0,0.0,0.0,0.0,0.0,90.0
1537006085018,617951.94,463076.88,0.0,0.0,0.0,0.0,0.0,0.0,0.0,0.0,0.0,0.0,0.0,90.0
1537006085029,616851.56,462108.0,133.28476,1466.1323,0.0,0.0,0.0,0.0,0.0,0.0,0.0,0.0,0.0,90.0
1537006085048,616851.56,462108.0,0.0,0.0,0.0,0.0,0.0,0.0,0.0,0.0,0.0,0.0,0.0,90.0
1537006085063,614002.8,459600.0,253.03,3795.45,0.0,0.0,0.0,0.0,0.0,0.0,0.0,0.0,0.0,90.0
1537006085079,611866.2,457718.75,177.92497,948.6504,0.0,0.0,0.0,0.0,0.0,0.0,0.0,0.0,0.0,90.0
1537006085096,609761.06,455865.5,164.97968,3753.305,0.0,0.0,0.0,0.0,0.0,0.0,0.0,0.0,0.0,90.0
1537006085112,606541.5,453031.12,268.08978,536.13153,0.0,0.0,0.0,0.0,0.0,0.0,0.0,0.0,0.0,90.0
1537006085129,604973.06,451650.25,122.92305,1553.5603,0.0,0.0,0.0,0.0,0.0,0.0,0.0,0.0,0.0,90.0
1537006085146,599879.2,447165.5,399.22305,5233.2314,0.0,0.0,0.0,0.0,0.0,0.0,0.0,0.0,0.0,90.0
1537006085162,598869.94,446277.12,84.033936,3888.6887,0.0,0.0,0.0,0.0,0.0,0.0,0.0,0.0,0.0,90.0
1537006085179,595788.56,443564.12,241.50078,7994.202,0.0,0.0,0.0,0.0,0.0,0.0,0.0,0.0,0.0,90.0
1537006085196,593214.6,441298.12,201.72191,4564.9297,0.0,0.0,0.0,0.0,0.0,0.0,0.0,0.0,0.0,90.0
1537006085212,590472.1,438883.75,228.3647,8218.765,0.0,0.0,0.0,0.0,0.0,0.0,0.0,0.0,0.0,90.0
1537006085229,588557.2,437197.75,150.08167,5667.377,0.0,0.0,0.0,0.0,0.0,0.0,0.0,0.0,0.0,90.0
1537006085246,586228.25,435147.75,182.50894,8770.029,0.0,0.0,0.0,0.0,0.0,0.0,0.0,0.0,0.0,90.0
1537006085262,583467.56,432717.38,229.8787,5091.9697,0.0,0.0,0.0,0.0,0.0,0.0,0.0,0.0,0.0,90.0
1537006085279,581588.7,431063.5,147.24075,7595.0625,0.0,0.0,0.0,0.0,0.0,0.0,0.0,0.0,0.0,90.0
1537006085296,579633.8,429342.75,153.19568,4990.7363,0.0,0.0,0.0,0.0,0.0,0.0,0.0,0.0,0.0,90.0
1537006085313,577658.94,427604.0,154.77837,7621.9683,0.0,0.0,0.0,0.0,0.0,0.0,0.0,0.0,0.0,90.0
1537006085329,574678.7,424980.12,248.16994,3651.2493,0.0,0.0,0.0,0.0,0.0,0.0,0.0,0.0,0.0,90.0
1537006085346,572518.8,423078.62,169.27243,6528.8804,0.0,0.0,0.0,0.0,0.0,0.0,0.0,0.0,0.0,90.0
1537006085362,570505.3,421306.12,167.65779,3846.356,0.0,0.0,0.0,0.0,0.0,0.0,0.0,0.0,0.0,90.0
1537006085379,567382.7,418556.88,244.73108,8006.784,0.0,0.0,0.0,0.0,0.0,0.0,0.0,0.0,0.0,90.0
1537006085396,565334.0,416753.25,160.55896,5277.2817,0.0,0.0,0.0,0.0,0.0,0.0,0.0,0.0,0.0,90.0
1537006085412,563234.4,414904.88,174.83156,8074.587,0.0,0.0,0.0,0.0,0.0,0.0,0.0,0.0,0.0,90.0
1537006085429,560169.9,412207.0,240.16785,3991.7336,0.0,0.0,0.0,0.0,0.0,0.0,0.0,0.0,0.0,90.0
1537006085446,558276.9,410540.5,148.35512,6513.7705,0.0,0.0,0.0,0.0,0.0,0.0,0.0,0.0,0.0,90.0
1537006085462,556079.9,408606.38,182.9409,3586.716,0.0,0.0,0.0,0.0,0.0,0.0,0.0,0.0,0.0,90.0
1537006085479,554143.4,406901.38,151.7722,6166.8433,0.0,0.0,0.0,0.0,0.0,0.0,0.0,0.0,0.0,90.0
1537006085497,550920.0,404063.62,238.5849,1872.3154,0.0,0.0,0.0,0.0,0.0,0.0,0.0,0.0,0.0,90.0
1537006085513,548795.9,402193.38,176.8843,4702.464,0.0,0.0,0.0,0.0,0.0,0.0,0.0,0.0,0.0,90.0
1537006085529,545455.94,400264.25,241.06458,1193.8257,0.0,0.0,0.0,0.0,0.0,0.0,0.0,0.0,0.0,90.0
1537006085546,545051.9,399908.62,31.662996,1645.0466,0.0,0.0,0.0,0.0,0.0,0.0,0.0,0.0,0.0,90.0
1537006085563,544464.8,399391.88,46.0056,1017.64343,0.0,0.0,0.0,0.0,0.0,0.0,0.0,0.0,0.0,90.0
1537006085579,543902.1,398896.62,46.849567,1616.2731,0.0,0.0,0.0,0.0,0.0,0.0,0.0,0.0,0.0,90.0
1537006085596,543571.3,398605.38,25.926664,1244.5929,0.0,0.0,0.0,0.0,0.0,0.0,0.0,0.0,0.0,90.0
1537006085612,543240.2,398313.88,27.572065,1616.617,0.0,0.0,0.0,0.0,0.0,0.0,0.0,0.0,0.0,90.0
1537006085629,542786.4,397914.12,35.57466,1119.3306,0.0,0.0,0.0,0.0,0.0,0.0,0.0,0.0,0.0,90.0
1537006085646,542364.44,397542.75,33.064404,1578.9617,0.0,0.0,0.0,0.0,0.0,0.0,0.0,0.0,0.0,90.0
1537006085662,541996.9,397219.25,30.602953,1173.5823,0.0,0.0,0.0,0.0,0.0,0.0,0.0,0.0,0.0,90.0
1537006085679,541662.3,396924.75,26.21856,1540.609,0.0,0.0,0.0,0.0,0.0,0.0,0.0,0.0,0.0,90.0
1537006085696,541375.8,396672.5,22.454283,1223.0402,0.0,0.0,0.0,0.0,0.0,0.0,0.0,0.0,0.0,90.0
1537006085713,541179.5,396499.5,15.391948,1437.4282,0.0,0.0,0.0,0.0,0.0,0.0,0.0,0.0,0.0,90.0
1537006085729,540946.1,396294.0,19.434801,1184.8583,0.0,0.0,0.0,0.0,0.0,0.0,0.0,0.0,0.0,90.0
1537006085746,540805.1,396169.88,11.050061,1334.478,0.0,0.0,0.0,0.0,0.0,0.0,0.0,0.0,0.0,90.0
1537006085763,540613.56,396001.38,15.007316,1134.1147,0.0,0.0,0.0,0.0,0.0,0.0,0.0,0.0,0.0,90.0
1537006085779,540463.06,395869.0,12.527063,1289.8959,0.0,0.0,0.0,0.0,0.0,0.0,0.0,0.0,0.0,90.0
1537006085796,540379.44,395795.38,6.5539503,1201.6334,0.0,0.0,0.0,0.0,0.0,0.0,0.0,0.0,0.0,90.0
1537006085813,540311.2,395735.25,5.35038,1273.4315,0.0,0.0,0.0,0.0,0.0,0.0,0.0,0.0,0.0,90.0
1537006085829,540256.8,395687.38,4.5279756,1216.0485,0.0,0.0,0.0,0.0,0.0,0.0,0.0,0.0,0.0,90.0
1537006085846,540204.7,395641.5,4.084544,1271.0079,0.0,0.0,0.0,0.0,0.0,0.0,0.0,0.0,0.0,90.0
1537006085872,540193.8,395631.88,0.558562,1259.3707,0.0,0.0,0.0,0.0,0.0,0.0,0.0,0.0,0.0,90.0
1537006085888,540188.8,395646.25,0.95123404,1246.312,0.0,0.0,0.0,0.0,0.0,0.0,0.0,0.0,0.0,90.0
1537006085896,540184.7,395660.0,1.7944276,1258.9338,0.0,0.0,0.0,0.0,0.0,0.0,0.0,0.0,0.0,90.0
1537006085913,540179.0,395701.5,2.463995,1219.5029,0.0,0.0,0.0,0.0,0.0,0.0,0.0,0.0,0.0,90.0
1537006085929,540156.6,395734.25,2.4789765,1247.0941,0.0,0.0,0.0,0.0,0.0,0.0,0.0,0.0,0.0,90.0
1537006085946,539916.0,395896.38,17.067432,1164.5214,0.0,0.0,0.0,0.0,0.0,0.0,0.0,0.0,0.0,90.0
1537006085966,539720.1,396011.38,11.356938,1210.4578,0.0,0.0,0.0,0.0,0.0,0.0,0.0,0.0,0.0,90.0
1537006085980,539362.44,396210.88,29.25439,1168.0073,0.0,0.0,0.0,0.0,0.0,0.0,0.0,0.0,0.0,90.0
1537006085996,538944.25,396424.38,29.345932,1211.6196,0.0,0.0,0.0,0.0,0.0,0.0,0.0,0.0,0.0,90.0
1537006086013,538660.2,396556.75,18.434832,1173.0846,0.0,0.0,0.0,0.0,0.0,0.0,0.0,0.0,0.0,90.0
1537006086034,538079.4,396802.88,30.038551,1307.3468,0.0,0.0,0.0,0.0,0.0,0.0,0.0,0.0,0.0,90.0
1537006086046,537789.5,396918.0,25.991623,1209.0337,0.0,0.0,0.0,0.0,0.0,0.0,0.0,0.0,0.0,90.0
1537006086063,537522.94,397012.62,16.63879,1285.7126,0.0,0.0,0.0,0.0,0.0,0.0,0.0,0.0,0.0,90.0
1537006086079,537203.94,397111.38,20.870935,1215.3691,0.0,0.0,0.0,0.0,0.0,0.0,0.0,0.0,0.0,90.0
1537006086096,536753.25,397242.0,27.602097,1329.3741,0.0,0.0,0.0,0.0,0.0,0.0,0.0,0.0,0.0,90.0
1537006086112,536325.8,397412.5,28.761755,1171.4539,0.0,0.0,0.0,0.0,0.0,0.0,0.0,0.0,0.0,90.0
1537006086129,535926.75,397627.88,26.67485,1370.3052,0.0,0.0,0.0,0.0,0.0,0.0,0.0,0.0,0.0,90.0
1537006086146,535671.9,397786.38,17.655245,1206.9165,0.0,0.0,0.0,0.0,0.0,0.0,0.0,0.0,0.0,90.0
1537006086162,535307.7,398044.12,27.88562,1484.5591,0.0,0.0,0.0,0.0,0.0,0.0,0.0,0.0,0.0,90.0
1537006086179,535060.25,398238.62,18.513584,1266.2538,0.0,0.0,0.0,0.0,0.0,0.0,0.0,0.0,0.0,90.0
1537006086196,534716.6,398518.5,26.069387,1587.7449,0.0,0.0,0.0,0.0,0.0,0.0,0.0,0.0,0.0,90.0
1537006086213,534399.3,398794.62,24.743126,1270.65,0.0,0.0,0.0,0.0,0.0,0.0,0.0,0.0,0.0,90.0
1537006086229,533978.5,399174.62,35.43718,1714.2015,0.0,0.0,0.0,0.0,0.0,0.0,0.0,0.0,0.0,90.0
1537006086246,533450.3,399686.38,43.2611,1139.8673,0.0,0.0,0.0,0.0,0.0,0.0,0.0,0.0,0.0,90.0
1537006086263,533116.4,400031.0,28.22798,1507.3004,0.0,0.0,0.0,0.0,0.0,0.0,0.0,0.0,0.0,90.0
1537006086281,532711.0,400458.25,32.719887,1064.0271,0.0,0.0,0.0,0.0,0.0,0.0,0.0,0.0,0.0,90.0
1537006086296,532506.44,400675.62,19.899492,1274.8052,0.0,0.0,0.0,0.0,0.0,0.0,0.0,0.0,0.0,90.0
1537006086313,532190.56,401015.25,27.283096,965.064,0.0,0.0,0.0,0.0,0.0,0.0,0.0,0.0,0.0,90.0
1537006086329,531799.1,401442.25,36.2043,1368.0295,0.0,0.0,0.0,0.0,0.0,0.0,0.0,0.0,0.0,90.0
1537006086346,531381.44,401904.38,36.642025,938.40955,0.0,0.0,0.0,0.0,0.0,0.0,0.0,0.0,0.0,90.0
1537006086363,531179.8,402128.25,17.722647,1124.2048,0.0,0.0,0.0,0.0,0.0,0.0,0.0,0.0,0.0,90.0
1537006086379,530875.1,402467.88,28.51669,867.6304,0.0,0.0,0.0,0.0,0.0,0.0,0.0,0.0,0.0,90.0
1537006086396,530572.44,402806.62,26.722416,1123.4586,0.0,0.0,0.0,0.0,0.0,0.0,0.0,0.0,0.0,90.0
1537006086413,530273.7,403141.88,26.41459,869.0991,0.0,0.0,0.0,0.0,0.0,0.0,0.0,0.0,0.0,90.0
1537006086429,529863.4,403603.88,38.618748,1248.4901,0.0,0.0,0.0,0.0,0.0,0.0,0.0,0.0,0.0,90.0
1537006086446,529575.56,403928.38,25.514517,956.26135,0.0,0.0,0.0,0.0,0.0,0.0,0.0,0.0,0.0,90.0
1537006086462,529262.8,404281.38,29.475994,1277.9847,0.0,0.0,0.0,0.0,0.0,0.0,0.0,0.0,0.0,90.0
1537006086479,529063.0,404507.25,17.73942,1059.2268,0.0,0.0,0.0,0.0,0.0,0.0,0.0,0.0,0.0,90.0
1537006086496,528672.6,404948.75,34.66672,1513.5818,0.0,0.0,0.0,0.0,0.0,0.0,0.0,0.0,0.0,90.0
1537006086512,528479.7,405167.12,18.212345,1275.1211,0.0,0.0,0.0,0.0,0.0,0.0,0.0,0.0,0.0,90.0
1537006086529,528157.8,405531.62,28.604435,1682.4452,0.0,0.0,0.0,0.0,0.0,0.0,0.0,0.0,0.0,90.0
1537006086546,527854.25,405875.62,26.987514,1296.5992,0.0,0.0,0.0,0.0,0.0,0.0,0.0,0.0,0.0,90.0
1537006086563,527563.3,406205.25,25.862108,1665.5945,0.0,0.0,0.0,0.0,0.0,0.0,0.0,0.0,0.0,90.0
1537006086579,527270.94,406536.38,27.608232,1295.014,0.0,0.0,0.0,0.0,0.0,0.0,0.0,0.0,0.0,90.0
1537006086596,527071.25,406762.88,17.76211,1544.4088,0.0,0.0,0.0,0.0,0.0,0.0,0.0,0.0,0.0,90.0
1537006086612,526786.6,407083.12,26.778275,1198.8916,0.0,0.0,0.0,0.0,0.0,0.0,0.0,0.0,0.0,90.0
1537006086629,526469.3,407424.38,27.410679,1571.2117,0.0,0.0,0.0,0.0,0.0,0.0,0.0,0.0,0.0,90.0
1537006086837,522129.38,411095.25,27.327991,4557.678,0.0,0.0,0.0,0.0,0.0,0.0,0.0,0.0,0.0,90.0
1537006086844,522011.25,411184.88,21.18247,4411.4224,0.0,0.0,0.0,0.0,0.0,0.0,0.0,0.0,0.0,90.0
1537006086862,521638.56,411466.75,25.959934,4872.8535,0.0,0.0,0.0,0.0,0.0,0.0,0.0,0.0,0.0,90.0
1537006086879,521256.66,411754.12,28.11474,4400.705,0.0,0.0,0.0,0.0,0.0,0.0,0.0,0.0,0.0,90.0
1537006086908,520551.3,412283.25,30.405172,5272.7427,0.0,0.0,0.0,0.0,0.0,0.0,0.0,0.0,0.0,90.0
1537006086924,520209.53,412539.5,26.698439,4849.8174,0.0,0.0,0.0,0.0,0.0,0.0,0.0,0.0,0.0,90.0
1537006086941,519939.5,412742.12,19.858824,5183.9824,0.0,0.0,0.0,0.0,0.0,0.0,0.0,0.0,0.0,90.0
1537006086946,519939.5,412742.12,0.0,0.0,0.0,0.0,0.0,0.0,0.0,0.0,0.0,0.0,0.0,90.0
1537006086962,519683.72,412934.0,19.984375,319.75,0.0,0.0,0.0,0.0,0.0,0.0,0.0,0.0,0.0,90.0
1537006086979,519461.56,413100.75,16.339706,41.975067,0.0,0.0,0.0,0.0,0.0,0.0,0.0,0.0,0.0,90.0
1537006086996,519255.16,413255.75,15.1838255,300.1,0.0,0.0,0.0,0.0,0.0,0.0,0.0,0.0,0.0,90.0
1537006087012,519072.5,413392.88,14.275002,71.700005,0.0,0.0,0.0,0.0,0.0,0.0,0.0,0.0,0.0,90.0
1537006087029,518907.1,413517.12,12.169121,278.57504,0.0,0.0,0.0,0.0,0.0,0.0,0.0,0.0,0.0,90.0
1537006087048,518752.72,413632.38,10.139499,85.9268,0.0,0.0,0.0,0.0,0.0,0.0,0.0,0.0,0.0,90.0
1537006087062,518585.2,413755.88,14.866578,294.05228,0.0,0.0,0.0,0.0,0.0,0.0,0.0,0.0,0.0,90.0
1537006087079,518307.16,413953.25,20.056864,47.438374,0.0,0.0,0.0,0.0,0.0,0.0,0.0,0.0,0.0,90.0
1537006087096,518046.5,414132.0,18.591702,269.03406,0.0,0.0,0.0,0.0,0.0,0.0,0.0,0.0,0.0,90.0
1537006087112,517823.34,414281.88,16.800905,8.3727255,0.0,0.0,0.0,0.0,0.0,0.0,0.0,0.0,0.0,90.0
1537006087129,517325.66,414609.88,35.061825,596.1262,0.0,0.0,0.0,0.0,0.0,0.0,0.0,0.0,0.0,90.0
1537006087146,516927.75,414869.12,27.93591,121.65,0.0,0.0,0.0,0.0,0.0,0.0,0.0,0.0,0.0,90.0
1537006087163,516514.2,415137.0,28.984602,613.92566,0.0,0.0,0.0,0.0,0.0,0.0,0.0,0.0,0.0,90.0
1537006087179,516101.12,415403.62,30.727476,122.8214,0.0,0.0,0.0,0.0,0.0,0.0,0.0,0.0,0.0,90.0
1537006087196,515532.06,415785.12,40.30053,807.53625,0.0,0.0,0.0,0.0,0.0,0.0,0.0,0.0,0.0,90.0
1537006087212,515281.78,415974.38,19.611088,494.2468,0.0,0.0,0.0,0.0,0.0,0.0,0.0,0.0,0.0,90.0
1537006087229,515022.88,416204.5,20.376215,838.3372,0.0,0.0,0.0,0.0,0.0,0.0,0.0,0.0,0.0,90.0
1537006087246,514721.84,416553.38,27.105688,401.6094,0.0,0.0,0.0,0.0,0.0,0.0,0.0,0.0,0.0,90.0
1537006087263,514441.44,417097.75,36.02055,953.3802,0.0,0.0,0.0,0.0,0.0,0.0,0.0,0.0,0.0,90.0
1537006087279,514361.28,417545.75,28.444645,623.547,0.0,0.0,0.0,0.0,0.0,0.0,0.0,0.0,0.0,90.0
1537006087296,514483.2,418098.0,33.267357,917.453,0.0,0.0,0.0,0.0,0.0,0.0,0.0,0.0,0.0,90.0
1537006087313,514748.72,418435.0,25.237684,852.3666,0.0,0.0,0.0,0.0,0.0,0.0,0.0,0.0,0.0,90.0
1537006087329,515271.4,418734.38,37.646984,785.7077,0.0,0.0,0.0,0.0,0.0,0.0,0.0,0.0,0.0,90.0
1537006087346,515694.34,418884.25,26.394573,868.4002,0.0,0.0,0.0,0.0,0.0,0.0,0.0,0.0,0.0,90.0
1537006087363,515981.5,418952.5,17.36209,755.4315,0.0,0.0,0.0,0.0,0.0,0.0,0.0,0.0,0.0,90.0
1537006087379,516424.06,419033.25,28.116814,977.1089,0.0,0.0,0.0,0.0,0.0,0.0,0.0,0.0,0.0,90.0
1537006087396,516862.97,419113.0,26.240751,756.1345,0.0,0.0,0.0,0.0,0.0,0.0,0.0,0.0,0.0,90.0
1537006087412,517133.12,419174.5,17.316748,863.08264,0.0,0.0,0.0,0.0,0.0,0.0,0.0,0.0,0.0,90.0
1537006087429,517677.22,419380.75,34.22787,825.73773,0.0,0.0,0.0,0.0,0.0,0.0,0.0,0.0,0.0,90.0
1537006087446,518029.88,419621.5,25.117508,713.6034,0.0,0.0,0.0,0.0,0.0,0.0,0.0,0.0,0.0,90.0
1537006087462,518306.28,419949.25,26.79643,920.6188,0.0,0.0,0.0,0.0,0.0,0.0,0.0,0.0,0.0,90.0
1537006087479,518500.7,420438.38,30.961357,535.1225,0.0,0.0,0.0,0.0,0.0,0.0,0.0,0.0,0.0,90.0
1537006087496,518534.06,420835.0,23.413338,870.13196,0.0,0.0,0.0,0.0,0.0,0.0,0.0,0.0,0.0,90.0
1537006087513,518395.9,421346.38,31.159348,345.12167,0.0,0.0,0.0,0.0,0.0,0.0,0.0,0.0,0.0,90.0
1537006087529,518132.62,421669.5,26.05034,757.86017,0.0,0.0,0.0,0.0,0.0,0.0,0.0,0.0,0.0,90.0
1537006087546,517783.6,421877.75,23.908047,427.79706,0.0,0.0,0.0,0.0,0.0,0.0,0.0,0.0,0.0,90.0
1537006087563,517420.7,421969.88,22.02452,673.3766,0.0,0.0,0.0,0.0,0.0,0.0,0.0,0.0,0.0,90.0
1537006087579,517089.38,421984.0,20.725842,510.33435,0.0,0.0,0.0,0.0,0.0,0.0,0.0,0.0,0.0,90.0
1537006087596,516773.1,421936.12,18.816713,617.02057,0.0,0.0,0.0,0.0,0.0,0.0,0.0,0.0,0.0,90.0
1537006087613,516596.44,421885.62,10.807802,558.21875,0.0,0.0,0.0,0.0,0.0,0.0,0.0,0.0,0.0,90.0
1537006087629,516329.53,421786.88,11.48329,650.73376,0.0,0.0,0.0,0.0,0.0,0.0,0.0,0.0,0.0,90.0
1537006087646,516093.38,421691.88,14.973422,569.0201,0.0,0.0,0.0,0.0,0.0,0.0,0.0,0.0,0.0,90.0
1537006087663,515852.72,421608.0,14.991399,661.18915,0.0,0.0,0.0,0.0,0.0,0.0,0.0,0.0,0.0,90.0
1537006087679,515681.97,421567.62,10.96616,570.5739,0.0,0.0,0.0,0.0,0.0,3.0,0.0,0.0,0.0,90.0
1537006087696,515436.56,421547.38,14.484724,732.62463,0.0,0.0,0.0,0.0,0.0,4.0,0.0,0.0,0.0,90.0
1537006087713,515167.9,421571.62,15.867558,521.12506,0.0,0.0,0.0,0.0,0.0,4.0,0.0,0.0,0.0,90.0
1537006087729,514952.88,421651.38,14.333977,726.4352,0.0,0.0,0.0,0.0,0.0,10.0,0.0,0.0,0.0,90.0
1537006087746,514815.34,421732.88,9.403874,570.87976,0.0,0.0,0.0,0.0,0.0,12.0,0.0,0.0,0.0,90.0
1537006087763,514690.72,421858.5,10.409111,747.8296,0.0,0.0,0.0,0.0,0.0,13.0,0.0,0.0,0.0,90.0
1537006087779,514674.97,421873.0,1.3380146,726.45105,0.0,0.0,0.0,0.0,0.0,13.0,0.0,0.0,0.0,90.0
1537006087796,514635.94,421914.12,3.3351977,783.1443,0.0,0.0,0.0,0.0,0.0,16.0,0.0,0.0,0.0,90.0
1537006087813,514629.06,421973.88,3.5378957,736.464,0.0,0.0,0.0,0.0,0.0,18.0,0.0,0.0,0.0,90.0
1537006087829,514638.7,422090.75,7.329416,814.1942,0.0,0.0,0.0,0.0,0.0,18.0,0.0,0.0,0.0,90.0
1537006087846,514674.47,422252.25,9.73037,727.0104,0.0,0.0,0.0,0.0,0.0,18.0,0.0,0.0,0.0,90.0
1537006087863,514825.47,422602.75,22.449577,907.43726,0.0,0.0,0.0,0.0,0.0,20.0,0.0,0.0,0.0,90.0
1537006087879,514887.6,422785.38,12.056412,785.7355,0.0,0.0,0.0,0.0,0.0,20.0,0.0,0.0,0.0,90.0
1537006087896,515007.75,423152.25,22.70884,1053.5892,0.0,0.0,0.0,0.0,0.0,27.0,0.0,0.0,0.0,90.0
1537006087913,515026.0,423277.12,7.4236197,944.14,0.0,0.0,0.0,0.0,0.0,31.0,0.0,0.0,0.0,90.0
1537006087932,514942.5,423326.75,5.1122823,1024.4266,0.0,0.0,0.0,0.0,0.0,33.0,0.0,0.0,0.0,90.0
1537006087959,514627.06,423397.25,11.971106,857.6308,0.0,0.0,0.0,0.0,0.0,33.0,0.0,0.0,0.0,90.0
1537006087963,514579.44,423427.0,14.038347,895.8902,0.0,0.0,0.0,0.0,0.0,33.0,0.0,0.0,0.0,90.0
1537006087979,514535.3,423512.62,6.0203614,803.2231,0.0,0.0,0.0,0.0,0.0,33.0,0.0,0.0,0.0,90.0
1537006088068,514423.7,423878.5,4.298023,1184.102,0.0,0.0,0.0,0.0,0.0,35.0,0.0,0.0,0.0,90.0
1537006088072,514423.7,423878.5,0.0,0.0,0.0,0.0,0.0,0.0,0.0,35.0,0.0,0.0,0.0,90.0
1537006088079,514416.94,423879.12,0.9684105,6.7788734,0.0,0.0,0.0,0.0,0.0,34.0,0.0,0.0,0.0,90.0
1537006088096,514422.94,423874.88,0.432513,13.650206,0.0,0.0,0.0,0.0,0.0,33.0,0.0,0.0,0.0,90.0
1537006088117,514455.3,423833.5,2.5017142,41.44141,0.0,0.0,0.0,0.0,0.0,33.0,0.0,0.0,0.0,90.0
1537006088129,514455.3,423833.5,0.0,0.0,0.0,0.0,0.0,0.0,0.0,32.0,0.0,0.0,0.0,90.0
1537006088146,514445.06,423853.12,1.3023843,22.140532,0.0,0.0,0.0,0.0,0.0,31.0,0.0,0.0,0.0,90.0
1537006088162,514431.56,423878.25,1.7826372,6.3884664,0.0,0.0,0.0,0.0,0.0,31.0,0.0,0.0,0.0,90.0
1537006088179,514433.44,423875.88,0.17799586,9.39581,0.0,0.0,0.0,0.0,0.0,30.0,0.0,0.0,0.0,90.0
1537006088196,514459.94,423863.0,1.733065,21.952007,0.0,0.0,0.0,0.0,0.0,30.0,0.0,0.0,0.0,90.0
1537006088212,514465.8,423866.25,0.41962653,17.55883,0.0,0.0,0.0,0.0,0.0,30.0,0.0,0.0,0.0,90.0
1537006088229,514465.8,423866.25,0.0,0.0,0.0,0.0,0.0,0.0,0.0,30.0,0.0,0.0,0.0,90.0
1537006088246,514465.8,423866.25,0.0,0.0,0.0,0.0,0.0,0.0,0.0,30.0,0.0,0.0,0.0,90.0
1537006088262,514465.3,423868.0,0.11375172,1.8200275,0.0,0.0,0.0,0.0,0.0,30.0,0.0,0.0,0.0,90.0
1537006088279,514492.8,423935.0,4.260241,71.00396,0.0,0.0,0.0,0.0,0.0,30.0,0.0,0.0,0.0,90.0
1537006088295,514567.56,423938.75,4.67775,77.25162,0.0,0.0,0.0,0.0,0.0,30.0,0.0,0.0,0.0,90.0
1537006088312,514601.94,423936.88,2.0250645,60.89566,0.0,0.0,0.0,0.0,0.0,30.0,0.0,0.0,0.0,90.0
1537006088329,514624.2,424022.88,5.2253914,43.526215,0.0,0.0,0.0,0.0,0.0,30.0,0.0,0.0,0.0,90.0
1537006088346,514650.72,424033.5,1.6811574,17.707945,0.0,0.0,0.0,0.0,0.0,30.0,0.0,0.0,0.0,90.0
1537006088362,514678.97,424043.62,1.8756021,44.613716,0.0,0.0,0.0,0.0,0.0,30.0,0.0,0.0,0.0,90.0
1537006088379,514656.72,424039.88,1.3272823,65.6572,0.0,0.0,0.0,0.0,0.0,30.0,0.0,0.0,0.0,90.0
1537006088396,514690.72,424091.5,3.6361985,123.18752,0.0,0.0,0.0,0.0,0.0,30.0,0.0,0.0,0.0,90.0
1537006088412,514703.97,424205.5,7.172964,85.83701,0.0,0.0,0.0,0.0,0.0,30.0,0.0,0.0,0.0,90.0
1537006088429,514625.56,424378.88,11.192934,140.62813,0.0,0.0,0.0,0.0,0.0,30.0,0.0,0.0,0.0,90.0
1537006088446,514585.3,424491.62,7.0422907,49.733547,0.0,0.0,0.0,0.0,0.0,29.0,0.0,0.0,0.0,90.0
1537006088462,514474.8,424573.62,8.600111,129.9105,0.0,0.0,0.0,0.0,0.0,29.0,0.0,0.0,0.0,90.0
1537006088479,514425.94,424568.0,2.8939779,117.29425,0.0,0.0,0.0,0.0,0.0,29.0,0.0,0.0,0.0,90.0
1537006088496,514444.2,424540.38,1.9475858,87.90222,0.0,0.0,0.0,0.0,0.0,28.0,0.0,0.0,0.0,90.0
1537006088512,514446.44,424537.0,0.25351533,91.357834,0.0,0.0,0.0,0.0,0.0,28.0,0.0,0.0,0.0,90.0
1537006088529,514439.3,424525.62,0.7895429,80.70754,0.0,0.0,0.0,0.0,0.0,28.0,0.0,0.0,0.0,90.0
1537006088546,514374.4,424521.12,3.82718,99.823326,0.0,0.0,0.0,0.0,0.0,28.0,0.0,0.0,0.0,90.0
1537006088562,514252.03,424531.0,7.673299,116.82626,0.0,0.0,0.0,0.0,0.0,29.0,0.0,0.0,0.0,90.0
1537006088579,514121.25,424500.88,7.89447,138.86037,0.0,0.0,0.0,0.0,0.0,29.0,0.0,0.0,0.0,90.0
1537006088599,514092.12,424427.5,3.9472003,60.54247,0.0,0.0,0.0,0.0,0.0,29.0,0.0,0.0,0.0,90.0
1537006088614,514092.12,424427.5,5.2629337,0.0,0.0,0.0,0.0,0.0,0.0,29.0,0.0,0.0,0.0,90.0
1537006088629,514092.12,424427.5,0.0,0.0,0.0,0.0,0.0,0.0,0.0,29.0,0.0,0.0,0.0,90.0
1537006088646,514094.0,424382.12,2.6713955,45.413723,0.0,0.0,0.0,0.0,0.0,29.0,0.0,0.0,0.0,90.0
1537006088662,514094.0,424382.12,0.0,0.0,0.0,0.0,0.0,0.0,0.0,29.0,0.0,0.0,0.0,90.0
1537006088679,514094.0,424382.12,0.0,0.0,0.0,0.0,0.0,0.0,0.0,29.0,0.0,0.0,0.0,90.0
1537006088696,514180.16,424339.25,5.660879,96.23495,0.0,0.0,0.0,0.0,0.0,28.0,0.0,0.0,0.0,90.0
1537006088712,514243.78,424224.25,8.214208,75.56238,0.0,0.0,0.0,0.0,0.0,28.0,0.0,0.0,0.0,90.0
1537006088729,514235.9,424159.62,3.8295908,16.463768,0.0,0.0,0.0,0.0,0.0,28.0,0.0,0.0,0.0,90.0
1537006088746,514265.53,424079.62,5.018182,88.77113,0.0,0.0,0.0,0.0,0.0,28.0,0.0,0.0,0.0,90.0
1537006088762,514312.03,423987.5,6.449705,31.868643,0.0,0.0,0.0,0.0,0.0,28.0,0.0,0.0,0.0,90.0
1537006088779,514434.06,423812.25,12.561846,193.14021,0.0,0.0,0.0,0.0,0.0,28.0,0.0,0.0,0.0,90.0
1537006088796,514517.8,423650.25,10.727526,10.9523115,0.0,0.0,0.0,0.0,0.0,28.0,0.0,0.0,0.0,90.0
1537006088812,514568.2,423539.0,7.6327324,132.79036,0.0,0.0,0.0,0.0,0.0,28.0,0.0,0.0,0.0,90.0
1537006088829,514541.44,423322.88,12.810244,127.66785,0.0,0.0,0.0,0.0,0.0,28.0,0.0,0.0,0.0,90.0
1537006088846,514410.94,423255.62,8.63581,54.90802,0.0,0.0,0.0,0.0,0.0,28.0,0.0,0.0,0.0,90.0
1537006088862,514231.9,423204.25,11.6410475,154.89207,0.0,0.0,0.0,0.0,0.0,28.0,0.0,0.0,0.0,90.0
1537006088879,514071.88,423139.75,10.149446,31.861517,0.0,0.0,0.0,0.0,0.0,28.0,0.0,0.0,0.0,90.0
1537006088896,513912.0,423086.12,9.919338,149.39984,0.0,0.0,0.0,0.0,0.0,28.0,0.0,0.0,0.0,90.0
1537006088913,513677.72,423114.38,13.881078,141.2991,0.0,0.0,0.0,0.0,0.0,28.0,0.0,0.0,0.0,90.0
1537006088929,513578.2,423180.38,14.748645,31.848272,0.0,0.0,0.0,0.0,0.0,28.0,0.0,0.0,0.0,90.0
1537006088946,513472.44,423322.12,13.881078,204.50015,0.0,0.0,0.0,0.0,0.0,28.0,0.0,0.0,0.0,90.0
1537006088993,513273.53,423760.75,5.0208154,280.19604,0.0,15.0,0.0,0.0,0.0,29.0,0.0,0.0,0.0,90.0
1537006089000,513249.9,423819.25,33.71119,217.22588,0.0,15.0,0.0,0.0,0.0,29.0,0.0,0.0,0.0,90.0
1537006089012,513206.03,423928.75,9.830249,335.01523,0.0,15.0,0.0,0.0,0.0,31.0,0.0,0.0,0.0,90.0
1537006089029,513139.03,424097.62,6.938999,153.6565,0.0,15.0,0.0,0.0,0.0,32.0,0.0,0.0,0.0,90.0
1537006089046,513070.62,424270.12,6.938999,338.9014,0.0,15.0,0.0,0.0,0.0,32.0,0.0,0.0,0.0,90.0
1537006089062,513017.0,424367.0,7.3726864,230.47232,0.0,15.0,0.0,0.0,0.0,32.0,0.0,0.0,0.0,90.0
1537006089087,512919.62,424597.62,10.013573,479.60165,0.0,15.0,0.0,0.0,0.0,32.0,0.0,0.0,0.0,89.0
1537006089096,512896.75,424656.75,27.815481,416.25778,0.0,15.0,0.0,0.0,0.0,32.0,0.0,0.0,0.0,89.0
1537006089113,512848.72,424832.88,10.73864,598.59045,0.0,15.0,0.0,0.0,0.0,32.0,0.0,0.0,0.0,89.0
1537006089129,512804.84,425011.5,11.495907,415.2461,0.0,15.0,0.0,0.0,0.0,32.0,0.0,0.0,0.0,89.0
1537006089162,512695.84,425481.62,14.624109,896.50946,0.0,15.0,0.0,0.0,0.0,32.0,0.0,0.0,0.0,89.0
1537006089169,512680.97,425547.0,9.57799,829.57166,0.0,15.0,0.0,0.0,0.0,32.0,0.0,0.0,0.0,89.0
1537006089179,512656.1,425657.25,11.302136,942.4088,0.0,15.0,0.0,0.0,0.0,32.0,0.0,0.0,0.0,89.0
1537006089220,512609.94,425861.25,5.1013756,733.6294,0.0,15.0,0.0,0.0,0.0,33.0,0.0,0.0,0.0,89.0
1537006089229,512595.8,425867.62,1.7218862,743.8761,0.0,15.0,0.0,0.0,0.0,33.0,0.0,0.0,0.0,89.0
1537006089246,512502.06,425920.38,6.3277345,669.357,0.0,15.0,0.0,0.0,0.0,33.0,0.0,0.0,0.0,89.0
1537006089262,512377.4,425958.75,8.151835,740.262,0.0,15.0,0.0,0.0,0.0,33.0,0.0,0.0,0.0,89.0
1537006089279,512145.4,425972.12,13.669719,681.89545,0.0,15.0,0.0,0.0,0.0,34.0,0.0,0.0,0.0,89.0
1537006089296,511986.0,426046.5,10.347257,777.62384,0.0,15.0,0.0,0.0,0.0,34.0,0.0,0.0,0.0,89.0
1537006089312,511928.75,426159.12,7.896289,655.35443,0.0,15.0,0.0,0.0,0.0,34.0,0.0,0.0,0.0,89.0
1537006089329,511998.12,426279.38,8.166298,765.55096,0.0,15.0,0.0,0.0,0.0,34.0,0.0,0.0,0.0,89.0
1537006089346,512107.5,426481.88,13.53825,584.8674,0.0,15.0,0.0,0.0,0.0,34.0,0.0,0.0,0.0,89.0
1537006089362,512086.0,426660.75,11.260155,763.1102,0.0,15.0,0.0,0.0,0.0,34.0,0.0,0.0,0.0,89.0
1537006089380,511972.5,426811.38,10.477804,593.80084,0.0,15.0,0.0,0.0,0.0,36.0,0.0,0.0,0.0,89.0
1537006089396,511804.34,426898.12,11.825899,717.8533,0.0,15.0,0.0,0.0,0.0,36.0,0.0,0.0,0.0,89.0
1537006089413,511823.22,426852.75,2.8908374,766.9376,0.0,15.0,0.0,0.0,0.0,36.0,0.0,0.0,0.0,89.0
1537006089430,511882.25,426744.0,7.2787437,644.87305,0.0,15.0,0.0,0.0,0.0,36.0,0.0,0.0,0.0,89.0
1537006089515,511435.94,427074.0,6.5301523,373.99368,0.0,15.0,0.0,0.0,0.0,38.0,0.0,0.0,0.0,89.0
1537006089519,511382.7,427109.25,15.96505,371.19888,0.0,15.0,0.0,0.0,0.0,38.0,0.0,0.0,0.0,89.0
1537006089530,511324.53,427138.12,5.9027343,382.02475,0.0,15.0,0.0,0.0,0.0,38.0,0.0,0.0,0.0,89.0
1537006089546,511115.62,427088.75,13.416366,243.09673,0.0,15.0,0.0,0.0,0.0,39.0,0.0,0.0,0.0,89.0
1537006089563,511032.88,426927.25,10.674455,419.76166,0.0,15.0,0.0,0.0,0.0,40.0,0.0,0.0,0.0,89.0
1537006089580,511100.0,426820.25,7.4301276,350.59796,0.0,15.0,0.0,0.0,0.0,40.0,0.0,0.0,0.0,89.0
1537006089596,511147.16,426880.12,4.763438,274.79117,0.0,15.0,0.0,0.0,0.0,39.0,0.0,0.0,0.0,89.0
1537006089612,511210.4,426886.88,3.9755723,317.63376,0.0,15.0,0.0,0.0,0.0,39.0,0.0,0.0,0.0,89.0
1537006089629,511251.53,426837.88,3.7629893,334.04105,0.0,15.0,0.0,0.0,0.0,41.0,0.0,0.0,0.0,89.0
1537006089646,511315.16,426680.25,9.998924,264.85913,0.0,15.0,0.0,0.0,0.0,41.0,0.0,0.0,0.0,89.0
1537006089662,511422.06,426477.75,14.3117075,356.5775,0.0,15.0,0.0,0.0,0.0,41.0,0.0,0.0,0.0,89.0
1537006089679,511586.56,426371.62,11.515412,367.00894,0.0,15.0,0.0,0.0,0.0,41.0,0.0,0.0,0.0,89.0
1537006089696,511636.97,426246.62,7.9282656,425.57684,0.0,15.0,0.0,0.0,0.0,40.0,0.0,0.0,0.0,89.0
1537006089713,511651.22,426180.5,3.9790013,381.64212,0.0,15.0,0.0,0.0,0.0,40.0,0.0,0.0,0.0,89.0
1537006089729,511681.34,426182.38,1.8864559,361.06763,0.0,15.0,0.0,0.0,0.0,40.0,0.0,0.0,0.0,89.0
1537006089746,511689.84,426185.88,0.54072875,369.06204,0.0,15.0,0.0,0.0,0.0,40.0,0.0,0.0,0.0,89.0
1537006089763,511689.84,426185.88,0.0,0.0,0.0,15.0,0.0,0.0,0.0,39.0,0.0,0.0,0.0,89.0
1537006089780,511689.84,426185.88,0.0,0.0,0.0,15.0,0.0,0.0,0.0,39.0,0.0,0.0,0.0,89.0
1537006089796,511689.84,426185.88,0.0,0.0,0.0,15.0,0.0,0.0,0.0,39.0,0.0,0.0,0.0,89.0
1537006089813,511690.1,426186.0,0.016441677,0.2795085,0.0,15.0,0.0,0.0,0.0,39.0,0.0,0.0,0.0,89.0
1537006089830,511693.47,426219.38,1.9732478,33.39653,0.0,15.0,0.0,0.0,0.0,39.0,0.0,0.0,0.0,89.0
1537006089846,511624.8,426333.12,8.303976,107.855446,0.0,15.0,0.0,0.0,0.0,40.0,0.0,0.0,0.0,89.0
1537006089863,511456.44,426420.75,11.165363,96.85617,0.0,15.0,0.0,0.0,0.0,41.0,0.0,0.0,0.0,88.0
1537006089879,511385.44,426534.12,8.360737,109.28908,0.0,15.0,0.0,0.0,0.0,41.0,0.0,0.0,0.0,88.0
1537006089896,511388.3,426670.75,8.038544,37.931282,0.0,15.0,0.0,0.0,0.0,41.0,0.0,0.0,0.0,87.0
1537006089913,511271.78,426824.38,11.342447,154.8914,0.0,15.0,0.0,0.0,0.0,41.0,0.0,0.0,0.0,87.0
1537006089929,511191.4,426931.0,8.345337,21.376553,0.0,15.0,0.0,0.0,0.0,41.0,0.0,0.0,0.0,87.0
1537006089946,511064.38,426997.25,8.4275875,163.09425,0.0,15.0,0.0,0.0,0.0,42.0,0.0,0.0,0.0,87.0
1537006089963,510901.12,427079.88,10.76285,22.782621,0.0,15.0,0.0,0.0,0.0,42.0,0.0,0.0,0.0,87.0
1537006089980,510762.34,427185.25,10.250179,156.88417,0.0,15.0,0.0,0.0,0.0,42.0,0.0,0.0,0.0,87.0
1537006090009,510444.3,427338.62,12.175283,207.59741,0.0,15.0,0.0,0.0,0.0,42.0,0.0,0.0,0.0,87.0
1537006090030,510219.53,427378.0,10.86685,24.24259,0.0,15.0,0.0,0.0,0.0,42.0,0.0,0.0,0.0,87.0
1537006090046,510077.0,427433.0,14.262741,135.51361,0.0,15.0,0.0,0.0,0.0,42.0,0.0,0.0,665482.94,86.0
1537006090063,510023.75,427469.75,13.423757,71.660995,0.0,15.0,0.0,0.0,0.0,42.0,0.0,0.0,665460.0,86.0
1537006090080,509904.0,427559.25,8.79413,219.51245,0.0,15.0,0.0,0.0,0.0,42.0,0.0,0.0,665425.8,86.0
1537006090105,509707.6,427708.62,9.870222,34.75742,0.0,15.0,0.0,0.0,0.0,42.0,0.0,0.0,665374.06,85.0
1537006090113,509630.72,427763.5,11.806401,70.16554,0.0,15.0,0.0,0.0,0.0,42.0,0.0,0.0,665333.44,84.0
1537006090130,509533.06,427791.75,5.980015,31.608335,0.0,15.0,0.0,0.0,0.0,42.0,0.0,0.0,665284.06,84.0
1537006090146,509417.7,427848.88,8.046412,98.41351,0.0,15.0,0.0,0.0,0.0,42.0,0.0,0.0,665233.4,84.0
1537006090163,509283.03,427909.38,8.683707,51.17407,0.0,15.0,0.0,0.0,0.0,42.0,0.0,0.0,665138.1,84.0
1537006090180,509130.53,427957.25,9.402249,109.09795,0.0,15.0,0.0,0.0,0.0,42.0,0.0,0.0,665095.2,84.0
1537006090196,509109.5,427963.75,1.3758001,87.12653,0.0,15.0,0.0,0.0,0.0,42.0,0.0,0.0,665094.06,84.0
1537006090213,509157.66,427951.38,2.924757,38.187244,0.0,15.0,0.0,0.0,0.0,42.0,0.0,0.0,665132.8,83.0
1537006090230,509247.78,427915.25,5.7114983,135.01602,0.0,15.0,0.0,0.0,0.0,42.0,0.0,0.0,665183.75,83.0
1537006090247,509395.44,427843.5,9.656816,29.530588,0.0,15.0,0.0,0.0,0.0,42.0,0.0,0.0,665250.25,83.0
1537006090262,509550.2,427677.88,15.111321,197.96588,0.0,15.0,0.0,0.0,0.0,42.0,0.0,0.0,665244.1,83.0
1537006090279,509581.06,427501.25,10.54725,103.23358,0.0,15.0,0.0,0.0,0.0,42.0,0.0,0.0,665129.75,83.0
1537006090296,509576.7,427493.5,0.52350664,97.14853,0.0,15.0,0.0,0.0,0.0,42.0,0.0,0.0,665145.94,83.0
1537006090312,509644.34,427530.5,4.819544,32.343193,0.0,15.0,0.0,0.0,0.0,42.0,0.0,0.0,665229.56,82.0
1537006090329,509672.22,427461.75,4.3638883,102.1469,0.0,15.0,0.0,0.0,0.0,42.0,0.0,0.0,665200.75,82.0
1537006090346,509707.84,427409.88,3.7017512,39.288647,0.0,15.0,0.0,0.0,0.0,42.0,0.0,0.0,665149.0,82.0
1537006090362,509642.34,427253.75,3.9331107,195.56662,0.0,15.0,0.0,0.0,0.0,42.0,0.0,0.0,664983.25,82.0
1537006090379,509536.7,427099.38,11.00407,69.70895,0.0,15.0,0.0,0.0,0.0,42.0,0.0,0.0,664862.0,82.0
1537006090396,509415.2,426970.5,11.00407,175.79216,0.0,15.0,0.0,0.0,0.0,42.0,0.0,0.0,664686.1,82.0
1537006090412,509306.4,426900.38,8.089073,105.598366,0.0,15.0,0.0,0.0,0.0,43.0,0.0,0.0,664497.0,82.0
1537006090429,509135.78,426843.75,10.575037,195.1692,0.0,15.0,0.0,0.0,0.0,43.0,0.0,0.0,664332.0,82.0
1537006090446,508948.75,426809.12,10.575037,132.6969,0.0,15.0,0.0,0.0,0.0,43.0,0.0,0.0,664225.0,82.0
1537006090462,508897.12,426801.5,3.2615666,124.694725,0.0,15.0,0.0,0.0,0.0,43.0,0.0,0.0,664126.3,82.0
1537006090479,508709.47,426774.62,3.0697098,221.9972,0.0,15.0,0.0,0.0,0.0,43.0,0.0,0.0,663973.5,82.0
1537006090496,508596.56,426748.38,6.818681,150.86932,0.0,15.0,0.0,0.0,0.0,43.0,0.0,0.0,663857.4,82.0
1537006090512,508430.94,426684.25,11.100333,259.1741,0.0,15.0,0.0,0.0,0.0,43.0,0.0,0.0,663701.0,82.0
1537006090529,508339.9,426568.62,10.447372,237.96336,0.0,15.0,0.0,0.0,0.0,43.0,0.0,0.0,663604.0,82.0
1537006090546,508378.7,426550.88,2.508841,199.31421,0.0,15.0,0.0,0.0,0.0,43.0,0.0,0.0,663604.1,82.0
1537006090562,508338.66,426480.12,5.0806246,242.44576,0.0,15.0,0.0,0.0,0.0,43.0,0.0,0.0,663510.7,82.0
1537006090579,508307.78,426356.88,7.4740214,154.3123,0.0,15.0,0.0,0.0,0.0,42.0,0.0,0.0,663443.25,82.0
1537006090596,508340.16,426245.0,6.8508973,261.05792,0.0,15.0,0.0,0.0,0.0,42.0,0.0,0.0,663396.1,82.0
1537006090612,508408.3,426141.75,7.7322974,137.34987,0.0,15.0,0.0,0.0,0.0,42.0,0.0,0.0,663382.1,82.0
1537006090629,508426.3,426103.62,2.480035,179.10463,0.0,15.0,0.0,0.0,0.0,42.0,0.0,0.0,663377.06,82.0
1537006090646,508369.94,426193.25,6.2282925,284.98557,0.0,15.0,0.0,0.0,0.0,42.0,0.0,0.0,663385.75,82.0
1537006090663,508294.28,426282.62,6.888072,169.8297,0.0,15.0,0.0,0.0,0.0,42.0,0.0,0.0,663359.56,82.0
1537006090680,508123.78,426341.0,10.600955,324.0958,0.0,15.0,0.0,0.0,0.0,42.0,0.0,0.0,663292.1,82.0
1537006090697,507978.38,426354.38,8.589417,221.31679,0.0,15.0,0.0,0.0,0.0,42.0,0.0,0.0,663189.3,82.0
1537006090712,507864.5,426273.38,9.316298,244.37097,0.0,15.0,0.0,0.0,0.0,42.0,0.0,0.0,662963.5,82.0
1537006090729,507771.84,426182.0,7.6548758,240.6706,0.0,15.0,0.0,0.0,0.0,44.0,0.0,0.0,662903.7,82.0
1537006090746,507790.1,426167.0,1.3896086,218.61636,0.0,15.0,0.0,0.0,0.0,44.0,0.0,0.0,662961.5,82.0
1537006090762,507896.88,426175.38,6.6943235,279.8654,0.0,15.0,0.0,0.0,0.0,44.0,0.0,0.0,663000.94,82.0
1537006090779,507919.75,426133.62,2.8003511,235.77594,0.0,15.0,0.0,0.0,0.0,44.0,0.0,0.0,663000.2,82.0
1537006090796,507905.88,426149.88,1.2569228,214.96233,0.0,15.0,0.0,0.0,0.0,44.0,0.0,0.0,663015.6,82.0
1537006090812,507933.12,426208.5,4.040543,235.86163,0.0,15.0,0.0,0.0,0.0,44.0,0.0,0.0,663076.3,82.0
1537006090829,507943.0,426227.88,1.2792006,227.7371,0.0,15.0,0.0,0.0,0.0,42.0,0.0,0.0,663079.2,82.0
1537006090846,507889.88,426255.88,3.532482,285.2865,0.0,15.0,0.0,0.0,0.0,42.0,0.0,0.0,663058.2,82.0
1537006090862,507796.22,426239.38,5.943662,239.683,0.0,15.0,0.0,0.0,0.0,44.0,0.0,0.0,662934.5,82.0
1537006090880,507660.84,426108.25,10.47044,263.72745,0.0,15.0,0.0,0.0,0.0,44.0,0.0,0.0,662723.44,82.0
1537006090896,507642.22,425943.62,10.354702,336.7869,0.0,15.0,0.0,0.0,0.0,42.0,0.0,0.0,662647.6,82.0
1537006090913,507648.97,425879.5,3.7928991,288.56577,0.0,15.0,0.0,0.0,0.0,42.0,0.0,0.0,662643.25,82.0
1537006090930,507661.34,425880.88,0.73242086,297.55276,0.0,15.0,0.0,0.0,0.0,42.0,0.0,0.0,662627.0,82.0
1537006090946,507629.97,425834.12,3.518896,300.16138,0.0,15.0,0.0,0.0,0.0,42.0,0.0,0.0,662565.56,82.0
1537006090963,507610.72,425693.25,8.363772,369.79694,0.0,15.0,0.0,0.0,0.0,42.0,0.0,0.0,662482.75,82.0
1537006090980,507625.47,425657.0,2.3021166,333.44553,0.0,15.0,0.0,0.0,0.0,42.0,0.0,0.0,662470.75,82.0
1537006090996,507634.6,425649.25,0.7482483,345.38092,0.0,15.0,0.0,0.0,0.0,42.0,0.0,0.0,662473.4,82.0
1537006091013,507686.72,425598.12,4.294835,272.37,0.0,15.0,0.0,0.0,0.0,42.0,0.0,0.0,662485.8,82.0
1537006091044,507724.6,425572.75,1.4706304,317.24088,0.0,15.0,0.0,0.0,0.0,41.0,0.0,0.0,662544.44,81.0
1537006091064,507789.72,425575.75,3.2597032,275.863,0.0,15.0,0.0,0.0,0.0,41.0,0.0,0.0,662551.25,81.0
1537006091080,507796.1,425572.5,0.44722724,282.3114,0.0,15.0,0.0,0.0,0.0,41.0,0.0,0.0,662547.25,81.0
1537006091096,507794.47,425570.62,0.1550737,281.82852,10.0,15.0,0.0,0.0,0.0,41.0,0.0,0.0,662536.5,81.0
1537006091120,507685.72,425574.75,4.534508,227.17845,10.0,15.0,0.0,0.0,0.0,41.0,0.0,0.0,662435.4,81.0
1537006091130,507597.7,425583.0,8.841699,272.93863,10.0,15.0,0.0,0.0,0.0,41.0,0.0,0.0,662372.7,81.0
1537006091146,507499.44,425596.62,6.19939,219.25243,10.0,15.0,0.0,0.0,0.0,41.0,0.0,0.0,662335.4,81.0
1537006091163,507408.06,425605.12,5.3982058,264.8529,10.0,15.0,0.0,0.0,0.0,41.0,0.0,0.0,662256.25,81.0
1537006091180,507317.9,425601.5,5.307594,231.3032,10.0,15.0,0.0,0.0,0.0,41.0,0.0,0.0,662199.44,81.0
1537006091196,507298.03,425508.12,5.966674,151.48103,10.0,15.0,0.0,0.0,0.0,41.0,0.0,0.0,662124.2,81.0
1537006091213,507224.03,425386.0,8.399727,253.1334,10.0,15.0,0.0,0.0,0.0,41.0,0.0,0.0,661939.06,80.0
1537006091230,507111.9,425253.88,10.193462,166.37244,10.0,15.0,0.0,0.0,0.0,41.0,0.0,0.0,661748.2,80.0
1537006091250,507029.88,425161.25,6.1863794,216.03163,10.0,15.0,0.0,0.0,0.0,41.0,0.0,0.0,661633.1,80.0
1537006091263,506947.25,425064.5,9.786917,163.8124,10.0,15.0,0.0,0.0,0.0,41.0,0.0,0.0,661221.9,79.0
1537006091300,506735.97,424774.12,9.705579,418.52695,10.0,15.0,0.0,0.0,0.0,41.0,0.0,0.0,661221.9,79.0
1537006091330,506510.06,424559.0,10.398312,231.64195,10.0,15.0,0.0,0.0,0.0,41.0,0.0,0.0,660860.5,79.0
1537006091337,506465.7,424534.0,7.2761006,233.18143,10.0,15.0,0.0,0.0,0.0,41.0,0.0,0.0,660802.0,79.0
1537006091347,506365.7,424467.88,5.0932703,238.82538,10.0,15.0,0.0,0.0,0.0,41.0,0.0,0.0,660673.3,79.0
1537006091363,506250.53,424328.75,11.287563,298.4209,10.0,15.0,0.0,0.0,0.0,41.0,0.0,0.0,660563.75,79.0
1537006091380,506170.4,424167.25,10.604932,197.59654,10.0,15.0,0.0,0.0,0.0,41.0,0.0,0.0,660342.94,79.0
1537006091397,506142.4,423985.38,10.824571,333.60794,10.0,15.0,0.0,0.0,0.0,41.0,0.0,0.0,660260.4,79.0
1537006091413,506160.9,423808.5,11.501106,169.02039,10.0,15.0,0.0,0.0,0.0,41.0,0.0,0.0,660160.94,79.0
1537006091430,506170.66,423622.0,10.824571,339.56674,10.0,15.0,0.0,0.0,0.0,41.0,0.0,0.0,660048.75,79.0
1537006091522,506329.78,423208.25,4.818416,104.26004,10.0,15.0,0.0,0.0,0.0,40.0,0.0,0.0,659897.3,79.0
1537006091543,506346.2,423216.75,0.8798771,106.29169,10.0,15.0,0.0,0.0,0.0,40.0,0.0,0.0,659923.4,79.0
1537006091548,506352.94,423226.38,2.3511965,99.33805,10.0,15.0,0.0,0.0,0.0,40.0,0.0,0.0,659934.75,79.0
1537006091563,506348.3,423230.12,0.3969502,104.55752,10.0,15.0,0.0,0.0,0.0,40.0,0.0,0.0,659934.5,79.0
1537006091580,506361.56,423219.0,1.0177119,120.23113,10.0,15.0,0.0,0.0,0.0,40.0,0.0,0.0,659939.56,79.0
1537006091597,506377.8,423206.75,1.1970625,102.37634,10.0,15.0,0.0,0.0,0.0,40.0,0.0,0.0,659947.2,79.0
1537006091613,506431.3,423169.12,4.087849,161.14044,10.0,15.0,0.0,0.0,0.0,40.0,0.0,0.0,659960.44,79.0
1537006091630,506452.7,423154.12,1.5360609,136.96967,10.0,15.0,0.0,0.0,0.0,40.0,0.0,0.0,659967.06,79.0
1537006091647,506472.2,423127.88,1.9235497,169.5307,10.0,15.0,0.0,0.0,0.0,40.0,0.0,0.0,659956.0,79.0
1537006091663,506497.8,423052.75,4.9609437,93.913734,10.0,15.0,0.0,0.0,0.0,40.0,0.0,0.0,659920.6,79.0
1537006091680,506544.2,422899.75,9.404343,247.7432,10.0,15.0,0.0,0.0,0.0,40.0,0.0,0.0,659872.1,79.0
1537006091696,506552.2,422883.0,1.1601497,229.1832,10.0,15.0,0.0,0.0,0.0,39.0,0.0,0.0,659884.9,79.0
1537006091712,506549.56,422919.38,2.2793496,195.94763,10.0,15.0,0.0,0.0,0.0,39.0,0.0,0.0,659888.4,79.0
1537006091729,506549.56,422918.75,0.036764707,195.40965,10.0,15.0,0.0,0.0,0.0,39.0,0.0,0.0,659887.94,79.0
1537006091746,506548.8,422911.25,0.44337687,201.52971,10.0,15.0,0.0,0.0,0.0,39.0,0.0,0.0,659871.56,79.0
1537006091762,506519.56,422845.5,4.4976664,168.76173,10.0,15.0,0.0,0.0,0.0,39.0,0.0,0.0,659813.06,79.0
1537006091779,506515.7,422839.25,0.43257546,170.04503,10.0,15.0,0.0,0.0,0.0,39.0,0.0,0.0,659802.1,79.0
1537006091796,506457.94,422796.0,4.2441187,196.01886,10.0,15.0,0.0,0.0,0.0,39.0,0.0,0.0,659739.44,79.0
1537006091812,506416.7,422760.38,3.4065099,177.69078,10.0,15.0,0.0,0.0,0.0,39.0,0.0,0.0,659676.8,79.0
1537006091829,506406.3,422720.38,2.4308004,165.89627,10.0,15.0,0.0,0.0,0.0,39.0,0.0,0.0,659640.06,79.0
1537006091846,506394.3,422705.62,1.1185175,162.10378,10.0,15.0,0.0,0.0,0.0,39.0,0.0,0.0,659618.2,79.0
1537006091863,506367.7,422681.12,2.1283557,175.82452,10.0,15.0,0.0,0.0,0.0,39.0,0.0,0.0,659596.5,79.0
1537006091879,506367.7,422681.12,0.0,0.0,10.0,15.0,0.0,0.0,0.0,39.0,0.0,0.0,659596.5,79.0
1537006091896,506350.94,422667.12,1.2841359,21.83031,10.0,15.0,0.0,0.0,0.0,39.0,0.0,0.0,659574.7,79.0
1537006091913,506350.94,422667.12,0.0,0.0,10.0,15.0,0.0,0.0,0.0,39.0,0.0,0.0,659574.7,79.0
1537006091929,506350.94,422667.12,0.0,0.0,10.0,15.0,0.0,0.0,0.0,39.0,0.0,0.0,659574.7,79.0
1537006091946,506298.16,422621.38,4.108782,69.84929,10.0,15.0,0.0,0.0,0.0,39.0,0.0,0.0,659459.3,79.0
1537006091963,506175.16,422564.88,4.108782,71.03686,10.0,15.0,0.0,0.0,0.0,39.0,0.0,0.0,659374.2,79.0
1537006091980,506126.9,422552.88,2.9246964,22.004284,10.0,15.0,0.0,0.0,0.0,39.0,0.0,0.0,659284.5,79.0
1537006091996,505987.25,422529.62,3.10749,163.11542,10.0,15.0,0.0,0.0,0.0,39.0,0.0,0.0,659207.44,79.0
1537006092013,505887.62,422515.12,5.9220395,62.45198,10.0,15.0,0.0,0.0,0.0,39.0,0.0,0.0,659121.6,79.0
1537006092030,505722.1,422491.0,9.840002,229.71854,10.0,15.0,0.0,0.0,0.0,39.0,0.0,0.0,658877.56,79.0
1537006092046,505546.44,422453.38,11.22754,52.220837,10.0,15.0,0.0,0.0,0.0,39.0,0.0,0.0,658820.2,79.0
1537006092067,505365.06,422399.5,8.5543165,238.11253,10.0,15.0,0.0,0.0,0.0,39.0,0.0,0.0,658296.0,79.0
1537006092102,505031.62,422251.88,10.418732,141.3775,10.0,15.0,0.0,0.0,0.0,39.0,0.0,0.0,658296.0,79.0
1537006092113,504974.75,422222.75,5.808964,82.848434,10.0,15.0,0.0,0.0,0.0,39.0,0.0,0.0,658186.5,79.0
1537006092141,504686.84,422129.38,2.2820928,369.5969,10.0,15.0,0.0,0.0,0.0,39.0,0.0,0.0,657952.9,79.0
1537006092163,504521.7,422052.5,8.28051,187.53004,10.0,15.0,0.0,0.0,0.0,38.0,0.0,0.0,657717.8,79.0
1537006092168,504414.7,422013.88,22.751606,300.6263,10.0,15.0,0.0,0.0,0.0,38.0,0.0,0.0,657670.06,79.0
1537006092180,504353.7,421976.12,5.978005,229.59639,10.0,15.0,0.0,0.0,0.0,38.0,0.0,0.0,657599.0,79.0
1537006092197,504273.28,421899.62,6.5284615,335.55658,10.0,15.0,0.0,0.0,0.0,36.0,0.0,0.0,657475.5,79.0
1537006092213,504295.53,421834.62,4.2939196,330.07294,10.0,15.0,0.0,0.0,0.0,36.0,0.0,0.0,657443.3,79.0
1537006092230,504274.53,421734.12,6.039447,390.77753,10.0,15.0,0.0,0.0,0.0,34.0,0.0,0.0,657383.06,79.0
1537006092247,504230.66,421596.0,8.525056,298.33084,10.0,15.0,0.0,0.0,0.0,34.0,0.0,0.0,657210.44,79.0
1537006092263,504161.03,421449.62,10.130647,417.1663,10.0,15.0,0.0,0.0,0.0,33.0,0.0,0.0,657100.6,79.0
1537006092280,504108.9,421502.75,4.3780203,404.98203,10.0,15.0,0.0,0.0,0.0,32.0,0.0,0.0,657133.5,79.0
1537006092296,504131.28,421599.5,6.2064743,330.836,10.0,15.0,0.0,0.0,0.0,33.0,0.0,0.0,657203.44,79.0
1537006092313,504006.38,421718.12,10.132933,326.33542,10.0,15.0,0.0,0.0,0.0,34.0,0.0,0.0,657135.3,78.0
1537006092329,503895.5,421731.25,6.9780717,384.00833,10.0,15.0,0.0,0.0,0.0,33.0,0.0,0.0,657080.1,78.0
1537006092346,503887.62,421720.0,0.80778676,370.50558,10.0,15.0,0.0,0.0,0.0,33.0,0.0,0.0,657077.25,78.0
1537006092363,503958.62,421695.0,4.427814,343.8681,10.0,15.0,0.0,0.0,0.0,33.0,0.0,0.0,657138.5,78.0
1537006092379,504083.53,421668.25,7.9836583,409.7003,10.0,15.0,0.0,0.0,0.0,34.0,0.0,0.0,657230.2,78.0
1537006092396,504236.53,421520.62,12.5063505,437.4565,10.0,15.0,0.0,0.0,0.0,33.0,0.0,0.0,657190.75,78.0
1537006092413,504247.78,421343.5,10.440112,288.47812,10.0,15.0,0.0,0.0,0.0,33.0,0.0,0.0,657065.75,78.0
1537006092430,504210.78,421164.75,10.737601,459.38037,10.0,15.0,0.0,0.0,0.0,32.0,0.0,0.0,656926.75,78.0
1537006092446,504141.53,420995.12,11.451017,277.60855,10.0,15.0,0.0,0.0,0.0,30.0,0.0,0.0,656777.6,78.0
1537006092463,504110.03,420931.88,4.156461,348.05347,10.0,15.0,0.0,0.0,0.0,29.0,0.0,0.0,656742.4,78.0
1537006092480,504112.16,420941.88,0.6013699,357.7649,10.0,15.0,0.0,0.0,0.0,29.0,0.0,0.0,656755.75,78.0
1537006092496,504107.16,420957.12,1.0030471,347.2524,10.0,15.0,0.0,0.0,0.0,29.0,0.0,0.0,656756.4,77.0
1537006092513,504110.66,420954.75,0.24880771,347.11267,10.0,15.0,0.0,0.0,0.0,29.0,0.0,0.0,656757.5,77.0
1537006092529,504117.4,420946.62,0.66019094,350.4627,10.0,15.0,0.0,0.0,0.0,28.0,0.0,0.0,656757.5,77.0
1537006092546,504117.4,420946.62,0.0,0.0,10.0,15.0,0.0,0.0,0.0,28.0,0.0,0.0,656757.5,77.0
1537006092563,504117.9,420944.88,0.10706044,1.8200275,10.0,15.0,0.0,0.0,0.0,28.0,0.0,0.0,656750.94,77.0
1537006092580,504069.12,420907.38,3.6193733,60.88271,10.0,15.0,0.0,0.0,0.0,28.0,0.0,0.0,656668.4,77.0
1537006092596,503943.88,420855.12,8.481972,77.73996,10.0,15.0,0.0,0.0,0.0,28.0,0.0,0.0,656517.75,77.0
1537006092613,503772.6,420770.62,7.983032,117.08318,10.0,15.0,0.0,0.0,0.0,28.0,0.0,0.0,656327.6,77.0
1537006092629,503690.47,420721.5,5.9810185,23.025547,10.0,15.0,0.0,0.0,0.0,28.0,0.0,0.0,656285.5,77.0
1537006092647,503580.47,420585.62,9.712219,197.79465,10.0,15.0,0.0,0.0,0.0,28.0,0.0,0.0,656113.94,77.0
1537006092663,503627.6,420403.62,11.750127,172.47873,10.0,15.0,0.0,0.0,0.0,25.0,0.0,0.0,656033.5,77.0
1537006092680,503666.34,420252.62,9.170164,180.6177,10.0,15.0,0.0,0.0,0.0,23.0,0.0,0.0,655932.0,77.0
1537006092697,503683.97,420066.88,10.975548,161.55775,10.0,15.0,0.0,0.0,0.0,22.0,0.0,0.0,655820.94,77.0
1537006092713,503620.47,419897.75,11.290814,238.14226,10.0,15.0,0.0,0.0,0.0,22.0,0.0,0.0,655703.94,77.0
1537006092730,503504.8,419753.12,10.89312,104.02554,10.0,15.0,0.0,0.0,0.0,22.0,0.0,0.0,655474.75,77.0
1537006092747,503448.06,419656.62,6.5852966,164.71088,10.0,15.0,0.0,0.0,0.0,22.0,0.0,0.0,655360.4,77.0
1537006092763,503383.94,419479.75,11.75877,148.09712,10.0,15.0,0.0,0.0,0.0,22.0,0.0,0.0,655207.0,77.0
1537006092780,503366.94,419357.25,7.274939,106.756485,10.0,15.0,0.0,0.0,0.0,22.0,0.0,0.0,655122.44,77.0
1537006092797,503367.56,419173.0,10.838297,209.22334,10.0,15.0,0.0,0.0,0.0,20.0,0.0,0.0,655045.75,77.0
1537006092813,503375.56,419056.25,7.3139853,117.51609,10.0,15.0,0.0,0.0,0.0,20.0,0.0,0.0,654944.06,77.0
1537006092830,503393.3,418869.0,6.883751,276.15002,10.0,15.0,0.0,0.0,0.0,19.0,0.0,0.0,654835.94,77.0
1537006092847,503401.7,418747.38,6.883751,168.2808,10.0,15.0,0.0,0.0,0.0,19.0,0.0,0.0,654799.7,77.0
1537006092863,503398.06,418563.0,11.525664,330.03384,10.0,15.0,0.0,0.0,0.0,19.0,0.0,0.0,654679.0,77.0
1537006092880,503380.44,418452.38,10.847684,236.53671,10.0,15.0,0.0,0.0,0.0,19.0,0.0,0.0,654546.4,77.0
1537006092897,503333.2,418273.62,10.875853,388.3904,10.0,15.0,0.0,0.0,0.0,19.0,0.0,0.0,654388.6,77.0
1537006092989,503003.25,417492.5,9.216821,569.5644,10.0,15.0,0.0,0.0,0.0,19.0,0.0,0.0,653691.25,77.0
1537006092993,503003.25,417492.5,0.0,0.0,10.0,15.0,0.0,0.0,0.0,19.0,0.0,0.0,653628.7,77.0
1537006092997,502956.75,417450.62,15.64402,62.57608,10.0,15.0,0.0,0.0,0.0,18.0,0.0,0.0,653566.4,77.0
1537006093013,502836.0,417354.5,9.646198,91.95719,10.0,15.0,0.0,0.0,0.0,15.0,0.0,0.0,653427.3,77.0
1537006093030,502731.97,417283.0,7.425466,34.41635,10.0,15.0,0.0,0.0,0.0,15.0,0.0,0.0,653352.7,77.0
1537006093046,502747.22,417274.38,1.0950049,45.8498,10.0,15.0,0.0,0.0,0.0,15.0,0.0,0.0,653354.94,77.0
1537006093063,502749.97,417267.62,0.42874646,44.98994,10.0,15.0,0.0,0.0,0.0,15.0,0.0,0.0,653354.8,76.0
1537006093080,502757.22,417315.5,2.848285,80.33621,10.0,15.0,0.0,0.0,0.0,15.0,0.0,0.0,653412.6,76.0
1537006093101,502782.1,417459.62,6.9645653,84.549965,10.0,15.0,0.0,0.0,0.0,18.0,0.0,0.0,653584.44,76.0
1537006093133,502821.25,417544.5,2.9209938,63.937744,10.0,15.0,0.0,0.0,0.0,19.0,0.0,0.0,653596.7,76.0
1537006093159,502838.25,417556.88,0.80873615,47.555763,10.0,15.0,0.0,0.0,0.0,19.0,0.0,0.0,653605.44,76.0
1537006093163,502838.25,417556.88,0.0,0.0,10.0,15.0,0.0,0.0,0.0,19.0,0.0,0.0,653605.44,76.0
1537006093180,502838.25,417556.88,0.0,0.0,10.0,15.0,0.0,0.0,0.0,19.0,0.0,0.0,653605.44,75.0
1537006093196,502838.25,417556.88,0.0,0.0,10.0,15.0,0.0,0.0,0.0,20.0,0.0,0.0,653605.44,75.0
1537006093213,502838.25,417556.88,0.0,0.0,10.0,15.0,0.0,0.0,0.0,20.0,0.0,0.0,653605.44,75.0
1537006093229,502838.25,417556.88,0.0,0.0,10.0,15.0,0.0,0.0,0.0,20.0,0.0,0.0,653605.44,74.0
1537006093246,502838.25,417556.88,0.0,0.0,10.0,15.0,0.0,0.0,0.0,20.0,0.0,0.0,653605.44,74.0
1537006093263,502838.25,417556.88,0.0,0.0,10.0,15.0,0.0,0.0,0.0,20.0,0.0,0.0,653605.44,73.0
1537006093279,502838.25,417556.88,0.0,0.0,10.0,15.0,0.0,0.0,0.0,20.0,0.0,0.0,653605.44,73.0
1537006093296,502833.12,417560.75,0.37794405,6.425049,10.0,15.0,0.0,0.0,0.0,20.0,0.0,0.0,653603.94,73.0
1537006093313,502804.6,417557.5,1.6891623,24.466675,10.0,15.0,0.0,0.0,0.0,20.0,0.0,0.0,653556.9,73.0
1537006093329,502723.47,417523.62,5.494593,63.616165,10.0,15.0,0.0,0.0,0.0,20.0,0.0,0.0,653411.5,73.0
1537006093346,502629.22,417432.0,7.7321515,74.45332,10.0,15.0,0.0,0.0,0.0,16.0,0.0,0.0,653320.75,73.0
1537006093363,502548.7,417360.0,6.3543797,44.57315,10.0,15.0,0.0,0.0,0.0,15.0,0.0,0.0,653242.3,73.0
1537006093380,502516.44,417356.25,1.9098407,12.225102,10.0,15.0,0.0,0.0,0.0,15.0,0.0,0.0,653149.06,73.0
1537006093397,502420.56,417345.5,5.6750464,108.54794,10.0,15.0,0.0,0.0,0.0,15.0,0.0,0.0,653149.06,73.0
1537006093413,502365.06,417423.0,5.957696,105.414215,10.0,15.0,0.0,0.0,0.0,15.0,0.0,0.0,653153.06,73.0
1537006093430,502221.28,417456.75,8.687602,204.27621,10.0,15.0,0.0,0.0,0.0,15.0,0.0,0.0,653022.4,73.0
1537006093447,502104.78,417430.88,7.019933,85.61164,10.0,15.0,0.0,0.0,0.0,15.0,0.0,0.0,652944.06,73.0
1537006093463,502078.78,417425.25,1.6625947,111.92014,10.0,15.0,0.0,0.0,0.0,15.0,0.0,0.0,652939.5,73.0
1537006093480,502058.5,417457.12,2.2223656,109.8932,10.0,15.0,0.0,0.0,0.0,15.0,0.0,0.0,652941.94,73.0
1537006093497,502043.75,417474.88,1.3575689,112.4859,10.0,15.0,0.0,0.0,0.0,15.0,0.0,0.0,652941.56,73.0
1537006093513,502018.62,417502.0,2.3108366,108.668434,10.0,15.0,0.0,0.0,0.0,16.0,0.0,0.0,652938.8,73.0
1537006093530,501989.75,417515.25,1.8688191,122.65717,10.0,15.0,0.0,0.0,0.0,16.0,0.0,0.0,652912.75,73.0
1537006093546,501981.0,417492.38,1.5307118,104.06165,10.0,15.0,0.0,0.0,0.0,16.0,0.0,0.0,652901.8,73.0
1537006093563,501979.0,417473.25,1.1311347,114.949036,10.0,15.0,0.0,0.0,0.0,15.0,0.0,0.0,652891.1,73.0
1537006093580,501974.62,417458.62,0.8979624,103.86921,10.0,15.0,0.0,0.0,0.0,14.0,0.0,0.0,652878.44,73.0
1537006093596,502004.75,417439.25,0.95408505,91.266266,10.0,15.0,0.0,0.0,0.0,14.0,0.0,0.0,652874.9,73.0
1537006093613,502011.62,417408.62,1.8463058,78.04846,10.0,15.0,0.0,0.0,0.0,14.0,0.0,0.0,652865.44,73.0
1537006093630,502005.62,417339.62,4.0741396,129.18034,10.0,15.0,0.0,0.0,0.0,14.0,0.0,0.0,652826.1,73.0
1537006093647,501973.62,417352.12,2.0208685,125.20708,10.0,15.0,0.0,0.0,0.0,14.0,0.0,0.0,652809.56,73.0
1537006093664,501977.12,417371.62,1.1653891,105.75473,10.0,15.0,0.0,0.0,0.0,14.0,0.0,0.0,652824.75,73.0
1537006093680,501982.75,417410.25,2.4395275,143.96278,10.0,15.0,0.0,0.0,0.0,14.0,0.0,0.0,652868.1,73.0
1537006093697,501983.38,417462.25,3.0590446,95.72854,10.0,15.0,0.0,0.0,0.0,14.0,0.0,0.0,652897.06,73.0
1537006093714,501981.0,417493.5,1.8435365,123.38013,10.0,15.0,0.0,0.0,0.0,16.0,0.0,0.0,652905.6,73.0
1537006093730,501975.5,417494.5,0.34938562,124.45193,10.0,15.0,0.0,0.0,0.0,16.0,0.0,0.0,652902.06,73.0
1537006093746,501957.5,417496.0,1.1288995,120.148476,10.0,15.0,0.0,0.0,0.0,16.0,0.0,0.0,652889.1,73.0
1537006093763,501912.75,417497.25,2.6333797,137.19568,10.0,15.0,0.0,0.0,0.0,15.0,0.0,0.0,652837.7,73.0
1537006093780,501824.38,417498.75,5.199278,117.43276,10.0,15.0,0.0,0.0,0.0,15.0,0.0,0.0,652764.44,73.0
1537006093796,501739.22,417488.0,5.3645062,146.0248,10.0,15.0,0.0,0.0,0.0,14.0,0.0,0.0,652683.4,73.0
1537006093813,501611.1,417407.38,8.904803,73.502235,10.0,15.0,0.0,0.0,0.0,14.0,0.0,0.0,652566.2,73.0
1537006093830,501503.8,417381.38,6.4933467,88.59531,10.0,15.0,0.0,0.0,0.0,14.0,0.0,0.0,652303.75,73.0
1537006093846,501320.8,417345.88,11.65072,137.57635,10.0,15.0,0.0,0.0,0.0,14.0,0.0,0.0,652259.2,73.0
1537006093863,501091.4,417303.5,13.722771,125.47143,10.0,15.0,0.0,0.0,0.0,14.0,0.0,0.0,652047.25,73.0
1537006093880,500911.5,417270.25,10.761944,95.02247,10.0,15.0,0.0,0.0,0.0,14.0,0.0,0.0,651888.1,73.0
1537006093896,500705.72,417231.38,13.088818,149.52641,10.0,15.0,0.0,0.0,0.0,12.0,0.0,0.0,651735.44,73.0
1537006093913,500620.47,417218.0,5.076049,81.11292,10.0,15.0,0.0,0.0,0.0,11.0,0.0,0.0,651683.75,73.0
1537006093930,500489.06,417194.12,7.856326,194.2397,10.0,15.0,0.0,0.0,0.0,11.0,0.0,0.0,651518.2,73.0
1537006093946,500314.3,417166.0,11.062426,67.86901,10.0,15.0,0.0,0.0,0.0,10.0,0.0,0.0,651316.8,73.0
1537006093963,500129.9,417159.62,10.411695,193.37543,10.0,15.0,0.0,0.0,0.0,9.0,0.0,0.0,651269.56,73.0
1537006094054,499530.2,417127.25,6.5999117,423.11496,10.0,15.0,0.0,0.0,0.0,9.0,0.0,0.0,650783.6,73.0
1537006094058,499521.94,417129.62,2.1462631,414.67422,10.0,15.0,0.0,0.0,0.0,9.0,0.0,0.0,650783.6,73.0
1537006094063,499505.44,417138.12,3.7121422,431.9598,10.0,15.0,0.0,0.0,0.0,9.0,0.0,0.0,650776.4,73.0
1537006094080,499477.94,417135.25,1.6264633,404.9891,10.0,15.0,0.0,0.0,0.0,9.0,0.0,0.0,650741.0,73.0
1537006094096,499409.8,417133.0,4.260134,472.42078,10.0,15.0,0.0,0.0,0.0,9.0,0.0,0.0,650674.1,73.0
1537006094113,499298.44,417110.88,6.6794906,365.42758,10.0,15.0,0.0,0.0,0.0,9.0,0.0,0.0,650600.06,73.0
1537006094131,499204.9,417120.88,5.225795,459.20477,10.0,15.0,0.0,0.0,0.0,9.0,0.0,0.0,650327.2,73.0
1537006094194,498762.47,417326.5,7.74422,125.49705,10.0,15.0,0.0,0.0,0.0,9.0,0.0,0.0,650368.5,73.0
1537006094199,498770.47,417381.38,11.091016,70.26952,10.0,15.0,0.0,0.0,0.0,9.0,0.0,0.0,650394.06,73.0
1537006094214,498751.6,417471.38,6.1305304,161.17241,10.0,15.0,0.0,0.0,0.0,9.0,0.0,0.0,650427.06,73.0
1537006094230,498731.6,417604.38,8.405959,27.391565,10.0,15.0,0.0,0.0,0.0,9.0,0.0,0.0,650556.4,73.0
1537006094247,498755.72,417763.25,9.452721,188.05972,10.0,15.0,0.0,0.0,0.0,9.0,0.0,0.0,650614.3,73.0
1537006094264,498796.38,417755.12,2.438834,194.73604,10.0,15.0,0.0,0.0,0.0,9.0,0.0,0.0,650628.25,73.0
1537006094279,498869.62,417733.62,5.0893407,182.70964,10.0,15.0,0.0,0.0,0.0,9.0,0.0,0.0,650670.6,73.0
1537006094296,499001.12,417711.12,7.8477073,208.1023,10.0,15.0,0.0,0.0,0.0,11.0,0.0,0.0,650777.1,72.0
1537006094313,499104.4,417666.12,6.6269913,153.47176,10.0,15.0,0.0,0.0,0.0,9.0,0.0,0.0,650817.2,72.0
1537006094329,499131.9,417659.0,1.7755013,157.42041,10.0,15.0,0.0,0.0,0.0,11.0,0.0,0.0,650823.9,72.0
1537006094346,499145.28,417659.38,0.78707385,158.68018,10.0,15.0,0.0,0.0,0.0,11.0,0.0,0.0,650834.4,72.0
1537006094363,499185.03,417643.12,2.5260751,175.46075,10.0,15.0,0.0,0.0,0.0,11.0,0.0,0.0,650849.75,72.0
1537006094379,499199.78,417601.25,2.7748015,132.35762,10.0,15.0,0.0,0.0,0.0,9.0,0.0,0.0,650824.0,72.0
1537006094396,499218.16,417489.38,6.669057,245.4046,10.0,15.0,0.0,0.0,0.0,9.0,0.0,0.0,650767.5,72.0
1537006094413,499226.28,417435.75,3.190414,191.23291,10.0,15.0,0.0,0.0,0.0,9.0,0.0,0.0,650753.0,72.0
1537006094429,499226.28,417435.75,0.0,0.0,10.0,15.0,0.0,0.0,0.0,9.0,0.0,0.0,650753.0,72.0
1537006094446,499226.28,417435.75,0.0,0.0,10.0,15.0,0.0,0.0,0.0,9.0,0.0,0.0,650754.5,72.0
1537006094463,499231.66,417440.62,0.42685074,7.2564626,10.0,15.0,0.0,0.0,0.0,9.0,0.0,0.0,650765.7,72.0
1537006094479,499223.53,417476.25,2.283737,33.58292,10.0,15.0,0.0,0.0,0.0,9.0,0.0,0.0,650776.9,72.0
1537006094496,499198.53,417525.12,3.2292807,21.465452,10.0,15.0,0.0,0.0,0.0,9.0,0.0,0.0,650808.6,72.0
1537006094513,499214.16,417633.38,6.4336386,94.11845,10.0,15.0,0.0,0.0,0.0,11.0,0.0,0.0,650902.94,72.0
1537006094529,499217.4,417772.75,8.713305,54.731876,10.0,15.0,0.0,0.0,0.0,11.0,0.0,0.0,651016.4,72.0
1537006094546,499199.28,417915.38,8.45718,93.55187,10.0,15.0,0.0,0.0,0.0,12.0,0.0,0.0,651060.1,72.0
1537006094563,499181.28,418007.5,5.521589,23.782871,10.0,15.0,0.0,0.0,0.0,12.0,0.0,0.0,651085.44,72.0
1537006094579,499168.16,418051.0,2.839809,45.994057,10.0,15.0,0.0,0.0,0.0,13.0,0.0,0.0,651105.5,72.0
1537006094596,499129.9,418118.12,4.5445995,53.753197,10.0,15.0,0.0,0.0,0.0,13.0,0.0,0.0,651133.7,72.0
1537006094613,499108.9,418198.25,4.5445995,64.12549,10.0,15.0,0.0,0.0,0.0,13.0,0.0,0.0,651152.44,72.0
1537006094629,499084.4,418286.88,5.74682,60.798077,10.0,15.0,0.0,0.0,0.0,13.0,0.0,0.0,651190.56,72.0
1537006094646,499073.16,418382.88,5.685702,77.02293,10.0,15.0,0.0,0.0,0.0,13.0,0.0,0.0,651274.2,72.0
1537006094663,499171.4,418422.38,6.228996,62.609154,10.0,15.0,0.0,0.0,0.0,13.0,0.0,0.0,651360.25,72.0
1537006094679,499268.16,418376.5,6.692194,44.499474,10.0,15.0,0.0,0.0,0.0,13.0,0.0,0.0,651389.0,72.0
1537006094696,499410.3,418363.5,8.397025,102.787254,10.0,15.0,0.0,0.0,0.0,13.0,0.0,0.0,651527.3,72.0
1537006094787,499605.84,418806.12,1.5686749,445.19702,10.0,15.0,0.0,0.0,0.0,15.0,0.0,0.0,651956.7,72.0
1537006094791,499605.84,418857.38,35.687355,395.22275,10.0,15.0,0.0,0.0,0.0,15.0,0.0,0.0,651956.7,72.0
1537006094796,499605.84,418908.38,28.549885,444.95255,10.0,15.0,0.0,0.0,0.0,15.0,0.0,0.0,651989.44,72.0
1537006094813,499605.84,418954.0,2.6838236,400.44882,10.0,15.0,0.0,0.0,0.0,15.0,0.0,0.0,652051.7,71.0
1537006094829,499605.72,419047.38,5.8359427,491.72556,10.0,15.0,0.0,0.0,0.0,15.0,0.0,0.0,652111.25,71.0
1537006094847,499624.72,419190.25,8.007379,347.9332,10.0,15.0,0.0,0.0,0.0,16.0,0.0,0.0,652219.44,71.0
1537006094863,499626.1,419289.88,9.008301,446.01874,10.0,15.0,0.0,0.0,0.0,16.0,0.0,0.0,652273.9,71.0
1537006094880,499620.84,419425.0,7.954526,314.96112,10.0,15.0,0.0,0.0,0.0,16.0,0.0,0.0,652360.1,71.0
1537006094897,499637.1,419559.12,7.9474,449.1686,10.0,15.0,0.0,0.0,0.0,16.0,0.0,0.0,652431.7,71.0
1537006094913,499636.47,419665.62,6.6563644,346.10535,10.0,15.0,0.0,0.0,0.0,17.0,0.0,0.0,652546.94,71.0
1537006094930,499618.47,419812.38,8.697046,485.40875,10.0,15.0,0.0,0.0,0.0,17.0,0.0,0.0,652580.3,71.0
1537006094947,499641.84,419977.0,9.780953,319.20065,10.0,15.0,0.0,0.0,0.0,17.0,0.0,0.0,652704.1,71.0
1537006094963,499670.84,420086.12,7.05704,431.82333,10.0,15.0,0.0,0.0,0.0,17.0,0.0,0.0,652832.44,71.0
1537006094980,499713.72,420209.75,7.696987,302.69553,10.0,15.0,0.0,0.0,0.0,17.0,0.0,0.0,652949.0,71.0
1537006094997,499749.1,420301.88,5.804904,399.46497,10.0,15.0,0.0,0.0,0.0,20.0,0.0,0.0,653036.1,71.0
1537006095013,499785.6,420395.75,6.295077,300.80725,10.0,15.0,0.0,0.0,0.0,21.0,0.0,0.0,653083.6,71.0
1537006095030,499850.25,420562.12,10.499805,476.24298,10.0,15.0,0.0,0.0,0.0,21.0,0.0,0.0,653303.7,71.0
1537006095046,499919.0,420741.0,11.977001,287.87552,10.0,15.0,0.0,0.0,0.0,21.0,0.0,0.0,653408.0,71.0
1537006095063,499960.38,420857.62,7.279226,409.6736,10.0,15.0,0.0,0.0,0.0,21.0,0.0,0.0,653555.56,71.0
1537006095080,500023.25,420988.38,8.534244,271.81195,10.0,15.0,0.0,0.0,0.0,21.0,0.0,0.0,653689.0,71.0
1537006095096,500100.53,421111.12,9.065722,404.87714,10.0,15.0,0.0,0.0,0.0,21.0,0.0,0.0,653837.56,71.0
1537006095113,500167.16,421214.5,8.532445,291.91577,10.0,15.0,0.0,0.0,0.0,23.0,0.0,0.0,653957.44,71.0
1537006095130,500226.28,421312.88,8.532445,398.3405,10.0,15.0,0.0,0.0,0.0,23.0,0.0,0.0,654011.4,71.0
1537006095146,500281.9,421424.62,7.8017936,278.94592,10.0,15.0,0.0,0.0,0.0,24.0,0.0,0.0,654179.25,71.0
1537006095163,500354.56,421599.62,11.146078,463.7799,10.0,15.0,0.0,0.0,0.0,25.0,0.0,0.0,654885.7,71.0
1537006095223,500775.22,422111.25,11.03922,323.90277,10.0,15.0,0.0,0.0,0.0,26.0,0.0,0.0,655007.0,71.0
1537006095230,500820.38,422153.0,8.785598,273.841,10.0,15.0,0.0,0.0,0.0,26.0,0.0,0.0,655069.3,71.0
1537006095247,500911.12,422285.38,9.440893,393.6766,10.0,15.0,0.0,0.0,0.0,26.0,0.0,0.0,655185.1,71.0
1537006095263,500893.0,422302.38,1.5531163,404.59753,10.0,15.0,0.0,0.0,0.0,26.0,0.0,0.0,655158.8,71.0
1537006095280,500821.12,422297.62,4.2371635,335.694,10.0,15.0,0.0,0.0,0.0,26.0,0.0,0.0,655100.8,71.0
1537006095297,500721.47,422312.0,5.922805,425.42664,10.0,15.0,0.0,0.0,0.0,26.0,0.0,0.0,654993.75,71.0
1537006095314,500591.72,422369.62,8.351222,328.4424,10.0,15.0,0.0,0.0,0.0,26.0,0.0,0.0,654908.3,71.0
1537006095330,500442.3,422411.62,9.699836,448.65207,10.0,15.0,0.0,0.0,0.0,26.0,0.0,0.0,654874.75,71.0
1537006095346,500383.3,422464.25,4.941213,412.87253,10.0,15.0,0.0,0.0,0.0,26.0,0.0,0.0,654883.06,71.0
1537006095363,500286.9,422623.75,10.963041,467.54172,10.0,15.0,0.0,0.0,0.0,26.0,0.0,0.0,654902.9,71.0
1537006095379,500217.4,422706.38,6.748015,411.16605,10.0,15.0,0.0,0.0,0.0,26.0,0.0,0.0,654903.1,71.0
1537006095396,500245.16,422815.12,6.6020403,369.76776,10.0,15.0,0.0,0.0,0.0,26.0,0.0,0.0,655075.6,71.0
1537006095413,500303.4,422921.75,7.146987,440.21927,10.0,15.0,0.0,0.0,0.0,26.0,0.0,0.0,655127.25,71.0
1537006095509,500289.78,422912.25,0.17302036,455.72897,10.0,0.0,0.0,0.0,0.0,26.0,0.0,0.0,655091.3,70.0
1537006095513,500275.78,422891.0,6.361812,437.25244,10.0,0.0,0.0,0.0,0.0,26.0,0.0,0.0,655030.3,70.0
1537006095529,500231.53,422823.75,5.0313954,497.78336,10.0,0.0,0.0,0.0,0.0,26.0,0.0,0.0,654989.7,70.0
1537006095546,500227.9,422818.12,0.39363995,492.57367,10.0,0.0,0.0,0.0,0.0,26.0,0.0,0.0,654983.3,70.0
1537006095563,500227.9,422818.12,0.39363995,0.0,10.0,0.0,0.0,0.0,0.0,26.0,0.0,0.0,654983.3,70.0
1537006095579,500227.9,422818.12,0.41824245,0.0,10.0,0.0,0.0,0.0,0.0,26.0,0.0,0.0,654983.3,70.0
1537006095596,500227.9,422818.12,0.39363995,0.0,10.0,0.0,0.0,0.0,0.0,26.0,0.0,0.0,654983.3,70.0
1537006095613,500227.9,422818.12,0.0,0.0,10.0,0.0,0.0,0.0,0.0,25.0,0.0,0.0,654983.3,70.0
1537006095629,500227.9,422818.12,0.0,0.0,10.0,0.0,0.0,0.0,0.0,25.0,0.0,0.0,654983.3,70.0
1537006095647,500227.9,422818.12,0.0,0.0,10.0,0.0,0.0,0.0,0.0,25.0,0.0,0.0,654983.3,70.0
1537006095663,500227.9,422818.12,0.0,0.0,10.0,0.0,0.0,0.0,0.0,25.0,0.0,0.0,654983.3,70.0
1537006095680,500227.9,422818.12,0.0,0.0,10.0,0.0,0.0,0.0,0.0,25.0,0.0,0.0,654983.3,70.0
1537006095697,500227.9,422818.12,0.0,0.0,10.0,0.0,0.0,0.0,0.0,25.0,0.0,0.0,654983.3,70.0
1537006095713,500227.9,422818.12,0.0,0.0,10.0,0.0,0.0,0.0,0.0,25.0,0.0,0.0,654983.3,70.0
1537006095730,500227.9,422818.12,0.0,0.0,10.0,0.0,0.0,0.0,0.0,25.0,0.0,0.0,654983.3,70.0
1537006095747,500227.9,422818.12,0.0,0.0,10.0,0.0,0.0,0.0,0.0,25.0,0.0,0.0,654983.3,70.0
1537006095763,500227.9,422818.12,0.0,0.0,10.0,0.0,0.0,0.0,0.0,25.0,0.0,0.0,654983.3,70.0
1537006095780,500227.9,422818.12,0.0,0.0,10.0,0.0,0.0,0.0,0.0,25.0,0.0,0.0,654983.3,70.0
1537006095797,500227.9,422818.12,0.0,0.0,10.0,0.0,0.0,0.0,0.0,25.0,0.0,0.0,654983.3,70.0
1537006095813,500227.9,422818.12,0.0,0.0,10.0,0.0,0.0,0.0,0.0,25.0,0.0,0.0,654983.3,70.0
1537006095830,500227.9,422818.12,0.0,0.0,10.0,0.0,0.0,0.0,0.0,25.0,0.0,0.0,654983.3,70.0
1537006095847,500227.9,422818.12,0.0,0.0,10.0,0.0,0.0,0.0,0.0,25.0,0.0,0.0,654983.3,70.0
1537006095864,500227.53,422823.25,0.30227652,5.138701,10.0,0.0,0.0,0.0,0.0,25.0,0.0,0.0,654991.9,70.0
